5,2,240,10,16,2.054900,-93,255_,220401.00,0439.38441,N,07405.33219,W,1,12,0.57,2561.0,M,4.6,M,,*5E_
5,2,240,9,15,2.054684,-86,255_,220323.00,0439.38576,N,07405.33261,W,1,12,0.53,2562.6,M,4.6,M,,*52_
5,2,240,8,14,2.054887,-85,255_,220245.00,0439.38571,N,07405.33214,W,1,12,0.54,2563.7,M,4.6,M,,*51_
5,2,240,7,13,2.054993,-85,255_,220207.00,0439.38549,N,07405.33202,W,1,12,0.53,2564.2,M,4.6,M,,*5E_
5,2,240,6,12,2.054308,-86,255_,220128.00,0439.38515,N,07405.33213,W,1,12,0.56,2563.3,M,4.6,M,,*5A_
5,2,240,5,11,2.048721,-86,255_,220051.00,0439.38538,N,07405.33225,W,1,12,0.54,2562.7,M,4.6,M,,*58_
5,0,0,0,0,0,0,0_$
5,2,240,3,9,2.055023,-86,255_,215936.00,0439.38585,N,07405.33284,W,1,12,0.53,2563.4,M,4.6,M,,*5E_
5,2,240,2,8,2.054813,-86,255_,215854.00,0439.38576,N,07405.33266,W,1,12,0.51,2564.4,M,4.6,M,,*5E_
5,2,240,1,7,2.054809,-85,255_,215800.00,0439.38573,N,07405.33257,W,1,12,0.51,2566.3,M,4.6,M,,*5D_
5,2,240,0,6,0.000000,-88,255_,215722.00,0439.38575,N,07405.33259,W,1,12,0.53,2565.7,M,4.6,M,,*5F_
5
5
5,0,0,0,0,0,0,0_$ 
