5
5
5
5
5,1,240,60,60,2.190263,-101,255_,022829.00,0438.09253,N,07404.09333,W,1,12,0.65,2587.2,M,4.7,M,,*55_
5,1,240,59,59,0.000000,-101,255_,022745.00,0438.09201,N,07404.09304,W,1,12,0.66,2588.3,M,4.7,M,,*5E_
5
5
5
5
5
5
5
5
5
5
5
5
5,1,240,21,21,2.194687,-98,255_,015812.00,0438.09173,N,07404.09213,W,1,12,0.76,2592.9,M,4.7,M,,*56_
5,1,240,20,20,2.190331,-99,255_,015728.00,0438.09218,N,07404.09201,W,1,12,0.76,2591.9,M,4.7,M,,*5E_
5,1,240,19,19,2.189853,-100,255_,015643.00,0438.09265,N,07404.09241,W,1,12,0.74,2590.6,M,4.7,M,,*50_
5,1,240,18,18,2.183024,-101,255_,015558.00,0438.09259,N,07404.09249,W,1,12,0.74,2591.1,M,4.7,M,,*58_
5,1,240,17,17,2.186193,-101,255_,015513.00,0438.09298,N,07404.09279,W,1,12,0.74,2591.9,M,4.7,M,,*51_
5,1,240,16,16,2.183069,-100,255_,015428.00,0438.09312,N,07404.09338,W,1,12,0.74,2591.6,M,4.7,M,,*50_
5,1,240,15,15,2.185706,-100,255_,015346.00,0438.09294,N,07404.09362,W,1,12,0.74,2591.1,M,4.7,M,,*58_
5,1,240,14,14,2.193211,-100,255_,015304.00,0438.09274,N,07404.09333,W,1,12,0.76,2589.8,M,4.7,M,,*56_
5,1,240,13,13,2.183061,-99,255_,015218.00,0438.09233,N,07404.09285,W,1,12,0.74,2590.3,M,4.7,M,,*54_
5,1,240,12,12,2.186587,-95,255_,015134.00,0438.09272,N,07404.09243,W,1,12,0.74,2589.7,M,4.7,M,,*5A_
5,1,240,11,11,2.183448,-101,255_,015052.00,0438.09254,N,07404.09203,W,1,12,0.74,2591.4,M,4.7,M,,*51_
5,1,240,10,10,2.182825,-101,255_,015008.00,0438.09266,N,07404.09174,W,1,12,0.73,2592.4,M,4.7,M,,*58_
5,1,240,9,9,2.189872,-101,255_,014922.00,0438.09270,N,07404.09205,W,1,12,0.74,2591.2,M,4.7,M,,*58_
5,1,240,8,8,2.185556,-100,255_,014839.00,0438.09285,N,07404.09240,W,1,12,0.73,2589.3,M,4.7,M,,*57_
5,1,240,7,7,2.204493,-101,255_,014755.00,0438.09323,N,07404.09226,W,1,12,0.83,2587.4,M,4.7,M,,*59_
5,1,240,6,6,2.182860,-99,255_,014711.00,0438.09266,N,07404.09223,W,1,12,0.74,2588.5,M,4.7,M,,*5A_
5,1,240,5,5,2.182763,-102,255_,014626.00,0438.09297,N,07404.09281,W,1,12,0.75,2586.8,M,4.7,M,,*5B_
5,1,240,4,4,2.183955,-101,255_,014543.00,0438.09319,N,07404.09278,W,1,12,0.82,2585.2,M,4.7,M,,*5B_
5,1,240,3,3,2.203565,-100,255_,014500.00,0438.09334,N,07404.09273,W,1,12,0.74,2585.4,M,4.7,M,,*57_
5,1,240,2,2,2.191452,-98,255_,014417.00,0438.09331,N,07404.09257,W,1,12,0.74,2587.2,M,4.7,M,,*57_
5,1,240,1,1,2.191233,-98,255_,014332.00,0438.09316,N,07404.09315,W,1,12,0.75,2590.2,M,4.7,M,,*52_
5,1,240,0,0,0.000000,-100,255_,014257.00,0438.09280,N,07404.09294,W,1,12,0.75,2591.2,M,4.7,M,,*57_
5,0,0,0,0,0,0,0_$ 
