1,1,240,93,93,2.191000,-101,255_,025541.00,0438.09602,N,07404.09972,W,1,12,0.62,2594.4,M,4.7,M,,*5D_
1,1,240,92,92,2.217589,-101,255_,025459.00,0438.09616,N,07404.10029,W,1,12,0.55,2595.8,M,4.7,M,,*56_
1,1,240,91,91,2.187529,-101,255_,025419.00,0438.09560,N,07404.09951,W,1,12,0.53,2594.3,M,4.7,M,,*52_
1,1,240,90,90,2.195727,-100,255_,025339.00,0438.09569,N,07404.09960,W,1,12,0.55,2594.8,M,4.7,M,,*51_
1,1,240,89,89,2.185500,-100,255_,025252.00,0438.09566,N,07404.09984,W,1,12,0.55,2595.4,M,4.7,M,,*55_
1,1,240,88,88,2.194335,-100,255_,025109.00,0438.09625,N,07404.10103,W,1,12,0.54,2598.9,M,4.7,M,,*52_
1,1,240,87,87,2.203319,-99,255_,025028.00,0438.09627,N,07404.10018,W,1,12,0.54,2600.4,M,4.7,M,,*56_
1,1,240,86,86,2.200496,-101,255_,024947.00,0438.09609,N,07404.10001,W,1,12,0.56,2599.0,M,4.7,M,,*56_
1,1,240,85,85,2.196859,-101,255_,024905.00,0438.09582,N,07404.09962,W,1,12,0.54,2600.0,M,4.7,M,,*55_
1,1,240,84,84,2.193820,-101,255_,024749.00,0438.09530,N,07404.09864,W,1,12,0.53,2595.6,M,4.7,M,,*53_
1,1,240,83,83,2.183965,-99,255_,024702.00,0438.09530,N,07404.09839,W,1,12,0.53,2600.8,M,4.7,M,,*55_
1,1,240,82,82,2.202928,-100,255_,024518.00,0438.09494,N,07404.09980,W,1,12,0.54,2603.0,M,4.7,M,,*5C_
1,1,240,81,81,2.194879,-100,255_,024438.00,0438.09480,N,07404.09983,W,1,12,0.54,2601.2,M,4.7,M,,*59_
1,1,240,80,80,2.193372,-100,255_,024305.00,0438.09410,N,07404.10004,W,1,12,0.55,2598.0,M,4.7,M,,*57_
1,1,240,79,79,2.194484,-102,255_,024221.00,0438.09444,N,07404.10060,W,1,12,0.55,2595.0,M,4.7,M,,*5E_
1,1,240,78,78,2.193213,-101,255_,024137.00,0438.09457,N,07404.10096,W,1,12,0.61,2595.7,M,4.7,M,,*51_
1,1,240,77,77,2.192036,-102,255_,024104.00,0438.09461,N,07404.10030,W,1,12,0.53,2596.3,M,4.7,M,,*5E_
1,1,240,76,76,2.202550,-99,255_,024019.00,0438.09434,N,07404.09926,W,1,12,0.57,2596.9,M,4.7,M,,*5B_
1,1,240,75,75,2.188974,-100,255_,023931.00,0438.09438,N,07404.09867,W,1,12,0.58,2596.0,M,4.7,M,,*51_
1,1,240,74,74,2.193840,-101,255_,023852.00,0438.09415,N,07404.09873,W,1,12,0.60,2595.1,M,4.7,M,,*56_
1,1,240,73,73,2.197948,-101,255_,023812.00,0438.09405,N,07404.09869,W,1,12,0.54,2596.8,M,4.7,M,,*55_
1,1,240,72,72,0.000000,-100,255_,023725.00,0438.09384,N,07404.09917,W,1,12,0.52,2595.4,M,4.7,M,,*51_
1,1,240,71,71,2.187480,-101,255_,023507.00,0438.09370,N,07404.10026,W,1,12,0.55,2597.4,M,4.7,M,,*5E_
1,1,240,70,70,2.190787,-100,255_,023427.00,0438.09370,N,07404.10110,W,1,12,0.55,2600.6,M,4.7,M,,*56_
1,1,240,69,69,2.189558,-100,255_,023348.00,0438.09382,N,07404.10155,W,1,12,0.56,2598.5,M,4.7,M,,*56_
1,1,240,68,68,2.182902,-101,255_,023305.00,0438.09406,N,07404.10068,W,1,12,0.56,2596.5,M,4.7,M,,*55_
1,1,240,67,67,2.189861,-71,255_,023222.00,0438.09397,N,07404.10017,W,1,12,0.56,2597.2,M,4.7,M,,*50_
1,1,240,66,66,2.211776,-100,255_,023138.00,0438.09403,N,07404.10059,W,1,12,0.55,2595.9,M,4.7,M,,*52_
1,1,240,65,65,2.193259,-78,255_,023053.00,0438.09361,N,07404.10030,W,1,12,0.54,2596.1,M,4.7,M,,*58_
1,1,240,64,64,2.183563,-40,255_,023018.00,0438.09388,N,07404.10044,W,1,12,0.57,2596.7,M,4.7,M,,*56_
1,1,240,63,63,2.189767,-101,255_,022931.00,0438.09353,N,07404.10033,W,1,12,0.57,2596.1,M,4.7,M,,*55_
1,1,240,62,62,2.182943,-101,255_,022846.00,0438.09310,N,07404.09988,W,1,12,0.58,2594.7,M,4.7,M,,*59_
1,1,240,61,61,2.176332,-74,255_,022802.00,0438.09314,N,07404.09984,W,1,12,0.58,2594.1,M,4.7,M,,*57_
1
1
1
1
1
1
1
1
1
1,1,240,40,40,2.194137,-79,255_,021214.00,0438.09288,N,07404.10004,W,1,12,0.73,2597.4,M,4.7,M,,*5B_
1,1,240,39,39,2.190443,-80,255_,021135.00,0438.09284,N,07404.09982,W,1,12,0.73,2596.4,M,4.7,M,,*59_
1,1,240,38,38,2.183434,-77,255_,021051.00,0438.09325,N,07404.09994,W,1,12,0.74,2595.4,M,4.7,M,,*53_
1,1,240,37,37,2.194581,-100,255_,021008.00,0438.09322,N,07404.10013,W,1,12,0.74,2594.9,M,4.7,M,,*5A_
1,1,240,36,36,2.198377,-74,255_,020923.00,0438.09369,N,07404.10026,W,1,12,0.75,2595.5,M,4.7,M,,*5E_
1,1,240,35,35,2.186035,-74,255_,020839.00,0438.09431,N,07404.10042,W,1,12,0.72,2594.7,M,4.7,M,,*58_
1,1,240,34,34,2.193846,-86,255_,020755.00,0438.09429,N,07404.10074,W,1,12,0.73,2593.5,M,4.7,M,,*55_
1,1,240,33,33,2.190518,-100,255_,020711.00,0438.09349,N,07404.10075,W,1,12,0.73,2595.8,M,4.7,M,,*5E_
1,1,240,32,32,2.190118,-72,255_,020627.00,0438.09321,N,07404.10070,W,1,12,0.73,2594.4,M,4.7,M,,*5C_
1,1,240,31,31,2.203370,-82,255_,020543.00,0438.09370,N,07404.10045,W,1,12,0.72,2592.3,M,4.7,M,,*5F_
1,1,240,30,30,2.199357,-101,255_,020459.00,0438.09443,N,07404.10048,W,1,12,0.72,2591.4,M,4.7,M,,*5B_
1,1,240,29,29,2.193257,-76,255_,020414.00,0438.09472,N,07404.10039,W,1,12,0.77,2594.5,M,4.7,M,,*57_
1,1,240,28,28,2.185723,-80,255_,020330.00,0438.09470,N,07404.10043,W,1,12,0.73,2595.5,M,4.7,M,,*5C_
1,1,240,27,27,2.183000,-76,255_,020246.00,0438.09512,N,07404.10020,W,1,12,0.73,2593.7,M,4.7,M,,*58_
1,1,240,26,26,2.190805,-99,255_,020202.00,0438.09536,N,07404.09992,W,1,12,0.74,2593.8,M,4.7,M,,*5E_
1,1,240,25,25,2.183788,-102,255_,020118.00,0438.09531,N,07404.09984,W,1,12,0.73,2593.8,M,4.7,M,,*51_
1,1,240,24,24,2.183529,-80,255_,020035.00,0438.09562,N,07404.09997,W,1,12,0.77,2591.6,M,4.7,M,,*53_
1,1,240,23,23,2.195606,-88,255_,015952.00,0438.09619,N,07404.10072,W,1,12,0.71,2590.0,M,4.7,M,,*59_
1,1,240,22,22,2.189839,-100,255_,015912.00,0438.09581,N,07404.10065,W,1,12,0.72,2590.4,M,4.7,M,,*5E_
1,1,240,21,21,2.204418,-101,255_,015829.00,0438.09600,N,07404.10047,W,1,12,0.71,2589.5,M,4.7,M,,*57_
1,1,240,20,20,2.186395,-96,255_,015744.00,0438.09570,N,07404.09936,W,1,12,0.72,2589.1,M,4.7,M,,*57_
1,1,240,19,19,2.193891,-96,255_,015700.00,0438.09560,N,07404.09950,W,1,12,0.79,2589.5,M,4.7,M,,*59_
1,1,240,18,18,2.193385,-90,255_,015615.00,0438.09576,N,07404.09964,W,1,12,0.80,2589.6,M,4.7,M,,*59_
1,1,240,17,17,2.190029,-80,255_,015530.00,0438.09593,N,07404.09951,W,1,12,0.70,2588.5,M,4.7,M,,*5D_
1,1,240,16,16,2.198184,-99,255_,015447.00,0438.09609,N,07404.09979,W,1,12,0.70,2588.7,M,4.7,M,,*54_
1,1,240,15,15,2.183562,-78,255_,015403.00,0438.09633,N,07404.09955,W,1,12,0.71,2588.6,M,4.7,M,,*53_
1,1,240,14,14,2.189025,-72,255_,015320.00,0438.09626,N,07404.09951,W,1,12,0.71,2589.2,M,4.7,M,,*50_
1,1,240,13,13,2.185400,-73,255_,015235.00,0438.09583,N,07404.09976,W,1,12,0.76,2590.9,M,4.7,M,,*58_
1,1,240,12,12,2.185780,-75,255_,015151.00,0438.09562,N,07404.09922,W,1,12,0.75,2591.3,M,4.7,M,,*5F_
1,1,240,11,11,2.193491,-101,255_,015108.00,0438.09565,N,07404.09891,W,1,12,0.72,2590.9,M,4.7,M,,*51_
1,1,240,10,10,2.216417,-79,255_,015024.00,0438.09590,N,07404.09843,W,1,12,0.76,2589.2,M,4.7,M,,*5C_
1,1,240,9,9,2.182788,-72,255_,014939.00,0438.09609,N,07404.09867,W,1,12,0.72,2588.7,M,4.7,M,,*5D_
1,1,240,8,8,2.191138,-80,255_,014856.00,0438.09608,N,07404.09851,W,1,12,0.82,2587.6,M,4.7,M,,*50_
1,1,240,7,7,2.193189,-99,255_,014812.00,0438.09621,N,07404.09862,W,1,12,0.75,2587.1,M,4.7,M,,*54_
1,1,240,6,6,2.188599,-74,255_,014727.00,0438.09616,N,07404.09826,W,1,12,0.79,2587.7,M,4.7,M,,*53_
1,1,240,5,5,2.193003,-74,255_,014643.00,0438.09612,N,07404.09817,W,1,12,0.75,2589.1,M,4.7,M,,*52_
1,1,240,4,4,2.188479,-100,255_,014600.00,0438.09607,N,07404.09841,W,1,12,0.76,2589.3,M,4.7,M,,*53_
1,1,240,3,3,2.195353,-71,255_,014516.00,0438.09599,N,07404.09794,W,1,12,0.69,2588.4,M,4.7,M,,*5C_
1,1,240,2,2,2.186359,-77,255_,014434.00,0438.09560,N,07404.09767,W,1,12,0.69,2587.8,M,4.7,M,,*54_
1,1,240,1,1,2.190530,-101,255_,014349.00,0438.09533,N,07404.09785,W,1,12,0.75,2588.7,M,4.7,M,,*5E_
1,1,240,0,0,0.000000,-101,255_,014307.00,0438.09511,N,07404.09840,W,1,12,0.74,2591.3,M,4.7,M,,*5F_
1,0,0,0,0,0,0,0_$ 
