5,0,240,64,66,3.359808,-103,255_,013630.00,0438.09195,N,07404.09335,W,1,12,0.73,2588.6,M,4.7,M,,*52_
5,0,240,63,65,4.361090,-56,255_,013545.00,0438.09205,N,07404.09344,W,1,12,0.74,2588.2,M,4.7,M,,*5C_
5,0,240,62,64,3.364483,-103,255_,013457.00,0438.09268,N,07404.09372,W,1,12,0.72,2587.7,M,4.7,M,,*5C_
5,0,240,61,63,3.376078,-106,255_,013412.00,0438.09305,N,07404.09339,W,1,12,0.72,2587.3,M,4.7,M,,*5C_
5,0,240,60,62,3.358404,-104,255_,013326.00,0438.09337,N,07404.09362,W,1,12,0.72,2586.2,M,4.7,M,,*53_
5,0,240,59,61,3.355503,-104,255_,013242.00,0438.09322,N,07404.09371,W,1,12,0.71,2585.0,M,4.7,M,,*54_
5,0,240,58,60,4.364535,-103,255_,013206.00,0438.09308,N,07404.09413,W,1,12,0.71,2584.5,M,4.7,M,,*5B_
5,0,240,57,59,4.355456,-102,255_,013114.00,0438.09294,N,07404.09352,W,1,12,0.71,2585.7,M,4.7,M,,*5E_
5,0,240,56,58,4.363110,-102,255_,013037.00,0438.09350,N,07404.09343,W,1,12,0.71,2586.0,M,4.7,M,,*53_
5,0,240,55,57,3.383758,-104,255_,012944.00,0438.09356,N,07404.09396,W,1,12,0.70,2586.9,M,4.7,M,,*59_
5,0,240,54,56,3.360667,-103,255_,012859.00,0438.09328,N,07404.09400,W,1,12,0.70,2587.7,M,4.7,M,,*5A_
5,0,240,53,55,3.355057,-104,255_,012814.00,0438.09327,N,07404.09447,W,1,12,0.74,2588.6,M,4.7,M,,*55_
5,0,240,52,54,3.371222,-103,255_,012729.00,0438.09329,N,07404.09502,W,1,12,0.74,2588.7,M,4.7,M,,*5B_
5,0,240,51,53,4.365661,-102,255_,012642.00,0438.09368,N,07404.09539,W,1,12,0.74,2588.5,M,4.7,M,,*58_
5,0,240,50,52,3.380114,-103,255_,012556.00,0438.09391,N,07404.09549,W,1,12,0.77,2589.5,M,4.7,M,,*5D_
5,0,240,49,51,3.363239,-103,255_,012510.00,0438.09424,N,07404.09571,W,1,12,0.77,2588.3,M,4.7,M,,*5A_
5,0,240,48,50,3.358307,-104,255_,012426.00,0438.09357,N,07404.09535,W,1,12,0.77,2589.2,M,4.7,M,,*5D_
5,0,240,47,49,4.355592,-103,255_,012349.00,0438.09378,N,07404.09677,W,1,12,0.77,2588.6,M,4.7,M,,*5E_
5,0,240,46,48,4.365562,-102,255_,012308.00,0438.09302,N,07404.09721,W,1,12,0.78,2591.3,M,4.7,M,,*56_
5,0,240,45,47,4.383698,-102,255_,012140.00,0438.09164,N,07404.09538,W,1,12,0.78,2593.3,M,4.7,M,,*52_
5,0,240,44,46,4.358902,-102,255_,012056.00,0438.09192,N,07404.09414,W,1,12,0.81,2592.0,M,4.7,M,,*56_
5,0,240,43,45,3.359027,-103,255_,011930.00,0438.09149,N,07404.09282,W,1,12,0.78,2593.4,M,4.7,M,,*50_
5,0,240,42,44,4.363888,-103,255_,011846.00,0438.09141,N,07404.09339,W,1,12,0.77,2593.2,M,4.7,M,,*50_
5,0,240,41,43,4.361303,-104,255_,011759.00,0438.09170,N,07404.09400,W,1,12,0.77,2591.6,M,4.7,M,,*58_
5,0,240,40,42,3.367991,-102,255_,011712.00,0438.09155,N,07404.09375,W,1,12,0.77,2595.5,M,4.7,M,,*52_
5,0,240,39,41,4.366012,-103,255_,011631.00,0438.09159,N,07404.09362,W,1,12,0.77,2597.6,M,4.7,M,,*59_
5,0,240,38,40,4.362360,-102,255_,011541.00,0438.09174,N,07404.09376,W,1,12,0.77,2597.5,M,4.7,M,,*54_
5,0,240,37,39,4.355275,-103,255_,011456.00,0438.09216,N,07404.09371,W,1,12,0.80,2596.1,M,4.7,M,,*5E_
5
5
5
5,0,240,36,38,3.369725,-102,255_,011418.00,0438.09212,N,07404.09338,W,1,12,0.79,2594.4,M,4.7,M,,*5C_
5,0,240,35,37,3.367588,-102,255_,011322.00,0438.09254,N,07404.09259,W,1,12,0.79,2590.2,M,4.7,M,,*54_
5,0,240,34,36,3.355598,-103,255_,011237.00,0438.09286,N,07404.09306,W,1,12,0.79,2589.8,M,4.7,M,,*57_
5,0,240,33,35,3.360111,-103,255_,011151.00,0438.09225,N,07404.09302,W,1,12,0.79,2591.2,M,4.7,M,,*5A_
5,0,240,32,34,3.355639,-55,255_,011105.00,0438.09099,N,07404.09252,W,1,12,0.79,2594.5,M,4.7,M,,*58_
5,0,240,31,33,3.366301,-103,255_,011018.00,0438.09070,N,07404.09353,W,1,12,0.79,2595.2,M,4.7,M,,*54_
5,0,240,30,32,4.366304,-92,255_,010935.00,0438.09087,N,07404.09405,W,1,12,0.83,2596.0,M,4.7,M,,*5B_
5,0,240,29,31,4.354828,-102,255_,010845.00,0438.09113,N,07404.09354,W,1,12,0.83,2596.6,M,4.7,M,,*54_
5,0,240,28,30,2.379107,-104,255_,010802.00,0438.09190,N,07404.09426,W,1,12,0.93,2596.0,M,4.7,M,,*59_
5,0,240,27,29,3.361263,-103,255_,010713.00,0438.09174,N,07404.09271,W,1,12,0.93,2594.7,M,4.7,M,,*5D_
5,0,240,26,28,3.360683,-102,255_,010627.00,0438.09123,N,07404.09161,W,1,12,0.93,2594.9,M,4.7,M,,*55_
5,0,240,25,27,3.363294,-103,255_,010539.00,0438.09113,N,07404.09145,W,1,12,0.93,2596.8,M,4.7,M,,*5F_
5,0,240,24,26,2.378696,-104,255_,010453.00,0438.09100,N,07404.09112,W,1,12,0.92,2597.2,M,4.7,M,,*58_
5,0,240,23,25,4.355521,-103,255_,010407.00,0438.09098,N,07404.09111,W,1,12,0.94,2596.7,M,4.7,M,,*58_
5,0,240,22,24,2.363697,-102,255_,010321.00,0438.09092,N,07404.09142,W,1,12,0.94,2595.9,M,4.7,M,,*5A_
5,0,240,21,23,3.355216,-103,255_,010238.00,0438.09118,N,07404.09222,W,1,12,0.93,2595.3,M,4.7,M,,*58_
5,0,240,20,22,4.368819,-101,255_,010151.00,0438.09195,N,07404.09351,W,1,12,0.92,2593.5,M,4.7,M,,*55_
5,0,240,20,21,4.368819,-103,255_,010103.00,0438.09264,N,07404.09483,W,1,12,0.91,2590.9,M,4.7,M,,*5B_
5,0,240,19,20,4.355730,-101,255_,010016.00,0438.09231,N,07404.09351,W,1,12,0.91,2594.9,M,4.7,M,,*52_
5,0,240,18,19,4.362661,-103,255_,005930.00,0438.09175,N,07404.09285,W,1,12,0.91,2597.7,M,4.7,M,,*5D_
5,0,240,17,18,4.368424,-103,255_,005843.00,0438.09102,N,07404.09263,W,1,12,0.91,2597.1,M,4.7,M,,*56_
5,0,240,16,17,3.362636,-102,255_,005801.00,0438.09104,N,07404.09284,W,1,12,1.13,2596.0,M,4.7,M,,*54_
5,0,240,15,16,3.355849,-103,255_,005724.00,0438.09117,N,07404.09246,W,1,12,1.13,2596.3,M,4.7,M,,*53_
5,0,240,14,15,3.369718,-103,255_,005644.00,0438.09140,N,07404.09215,W,1,12,1.13,2597.2,M,4.7,M,,*50_
5,0,240,13,14,3.356066,-104,255_,005603.00,0438.09164,N,07404.09237,W,1,12,1.12,2596.5,M,4.7,M,,*52_
5,0,240,12,13,3.369622,-102,255_,005505.00,0438.09157,N,07404.09205,W,1,12,1.12,2596.8,M,4.7,M,,*5B_
5,0,240,11,12,3.363590,-103,255_,005422.00,0438.09134,N,07404.09134,W,1,12,1.12,2597.8,M,4.7,M,,*5A_
5
5
5
5
5

5,0,240,11,11,3.363590,-62,255_,005334.00,0438.09115,N,07404.09135,W,1,12,1.11,2597.8,M,4.7,M,,*5B_
5,0,240,10,10,3.368414,-100,255_,005256.00,0438.09105,N,07404.09155,W,1,12,1.00,2597.4,M,4.7,M,,*55_
5,0,240,9,9,3.364985,-102,255_,005157.00,0438.09114,N,07404.09212,W,1,12,1.00,2598.1,M,4.7,M,,*5D_
5,0,240,8,8,3.355536,-102,255_,005115.00,0438.09141,N,07404.09249,W,1,12,1.10,2597.8,M,4.7,M,,*52_
5,0,240,7,7,3.360467,-102,255_,005037.00,0438.09117,N,07404.09226,W,1,12,1.31,2597.8,M,4.7,M,,*5A_
5,0,240,6,6,4.365685,-103,255_,004940.00,0438.09120,N,07404.09182,W,1,12,1.10,2597.0,M,4.7,M,,*50_
5,0,240,5,5,2.354904,-103,255_,004853.00,0438.09093,N,07404.09178,W,1,12,1.14,2596.7,M,4.7,M,,*5D_
5,0,240,4,4,3.363225,-103,255_,004805.00,0438.09170,N,07404.09341,W,1,10,1.49,2591.2,M,4.7,M,,*52_
5,0,240,3,3,0.000000,-103,255_,004719.00,0438.09357,N,07404.09709,W,1,08,1.53,2586.2,M,4.7,M,,*5B_
5,0,240,3,3,3.375899,-103,255_,004512.00,0438.09072,N,07404.09684,W,1,12,0.84,2608.8,M,4.7,M,,*5D_
5,0,240,2,2,3.362663,-100,255_,004434.00,0438.09018,N,07404.10100,W,1,12,1.03,2614.2,M,4.7,M,,*5E_
5,0,240,1,1,4.355465,-98,255_,004337.00,0438.08918,N,07404.10242,W,1,12,1.23,2619.4,M,4.7,M,,*5E_
5,0,240,0,0,0.000000,-99,255_,004249.00,0438.08829,N,07404.10245,W,1,12,0.91,2618.8,M,4.7,M,,*57_
5,0,0,0,0,0,0,0_$ 
