1
1
1
1
1
1
1
1
1
1
1
1,0,240,17,17,2.368118,-67,255_,005524.00,0438.09214,N,07404.09993,W,1,12,0.63,2607.4,M,4.7,M,,*58_
1,0,240,16,16,4.355591,-96,255_,005441.00,0438.09189,N,07404.10065,W,1,12,0.63,2607.3,M,4.7,M,,*52_
1,0,240,15,15,4.355462,-70,255_,005405.00,0438.09175,N,07404.10077,W,1,12,0.62,2606.8,M,4.7,M,,*59_
1,0,240,14,14,4.355537,-98,255_,005305.00,0438.09154,N,07404.10136,W,1,12,0.63,2607.6,M,4.7,M,,*57_
1,0,240,13,13,3.358675,-66,255_,005217.00,0438.09135,N,07404.10154,W,1,12,0.64,2609.7,M,4.7,M,,*5E_
1,0,240,12,12,3.362998,-68,255_,005132.00,0438.09218,N,07404.10073,W,1,12,0.64,2606.6,M,4.7,M,,*5C_
1,0,240,11,11,4.355768,-76,255_,005045.00,0438.09286,N,07404.09978,W,1,12,0.63,2603.2,M,4.7,M,,*56_
1,0,240,10,10,3.361500,-95,255_,005000.00,0438.09298,N,07404.09962,W,1,12,0.62,2603.9,M,4.7,M,,*59_
1,0,240,9,9,4.355127,-96,255_,004924.00,0438.09326,N,07404.09986,W,1,12,0.61,2604.0,M,4.7,M,,*54_
1,0,240,8,8,4.358630,-65,255_,004825.00,0438.09369,N,07404.10056,W,1,12,0.60,2603.3,M,4.7,M,,*56_
1,0,240,7,7,3.363477,-97,255_,004740.00,0438.09352,N,07404.10093,W,1,12,0.60,2604.6,M,4.7,M,,*59_
1,0,240,6,6,3.365098,-97,255_,004657.00,0438.09355,N,07404.10096,W,1,12,0.59,2604.3,M,4.7,M,,*53_
1,0,240,5,5,3.355577,-96,255_,004609.00,0438.09299,N,07404.10160,W,1,12,0.60,2606.6,M,4.7,M,,*5C_
1,0,240,4,4,3.360665,-95,255_,004542.00,0438.09303,N,07404.10150,W,1,12,0.60,2607.4,M,4.7,M,,*52_
1,0,240,3,3,3.355607,-98,255_,004455.00,0438.09329,N,07404.10061,W,1,12,0.61,2604.8,M,4.7,M,,*50_
1,0,240,2,2,3.369962,-97,255_,004407.00,0438.09302,N,07404.10093,W,1,12,0.58,2605.2,M,4.7,M,,*52_
1,0,240,1,1,3.348529,-96,255_,004319.00,0438.09349,N,07404.10056,W,1,12,0.59,2603.4,M,4.7,M,,*5D_
1
1,0,0,0,0,0,0,0_$ 
