1,2,240,102,106,2.072828,-85,255_,022347.00,0438.09475,N,07404.10288,W,1,11,1.14,2611.8,M,4.7,M,,*5F_
1,2,240,101,105,2.078289,-88,255_,022148.00,0438.09386,N,07404.10342,W,1,12,0.92,2606.6,M,4.7,M,,*5A_
1,2,240,100,104,2.074319,-85,255_,022105.00,0438.09540,N,07404.10434,W,1,12,0.92,2603.2,M,4.7,M,,*58_
1,2,240,99,103,2.069818,-85,255_,021944.00,0438.09451,N,07404.10475,W,1,12,0.88,2593.2,M,4.7,M,,*53_
1,2,240,98,102,2.070741,-86,255_,021901.00,0438.09581,N,07404.10456,W,1,12,0.91,2602.0,M,4.7,M,,*5E_
1,2,240,97,101,2.059565,-78,255_,021816.00,0438.09586,N,07404.10397,W,1,12,0.86,2605.5,M,4.7,M,,*50_
1,2,240,96,99,2.064109,-86,255_,021600.00,0438.08922,N,07404.10174,W,1,12,0.97,2612.5,M,4.7,M,,*53_
1,2,240,95,98,2.064842,-88,255_,021439.00,0438.08850,N,07404.09917,W,1,12,0.97,2622.3,M,4.7,M,,*5F_
1,2,240,94,97,2.070597,-88,255_,021356.00,0438.09119,N,07404.10044,W,1,12,0.98,2615.3,M,4.7,M,,*58_
1,2,240,93,96,2.075800,-86,255_,021235.00,0438.09194,N,07404.10120,W,1,12,0.99,2612.9,M,4.7,M,,*56_
1,2,240,92,95,2.094884,-90,255_,021114.00,0438.09422,N,07404.10051,W,1,11,1.10,2602.7,M,4.7,M,,*55_
1,2,240,91,94,2.054383,-86,255_,020953.00,0438.09024,N,07404.10110,W,1,10,1.54,2606.4,M,4.7,M,,*5F_
1,2,240,90,93,2.066093,-40,255_,020717.00,0438.09239,N,07404.10089,W,1,10,1.17,2597.2,M,4.7,M,,*54_
1,2,240,89,92,2.059801,-86,255_,020634.00,0438.09272,N,07404.10223,W,1,10,1.00,2596.7,M,4.7,M,,*5B_
1,2,240,88,91,2.054371,-88,255_,020435.00,0438.09119,N,07404.10020,W,1,12,1.00,2598.7,M,4.7,M,,*5B_
1,2,240,87,90,2.076106,-88,255_,020352.00,0438.09192,N,07404.10051,W,1,12,1.05,2593.8,M,4.7,M,,*59_
1,2,240,86,89,2.076525,-85,255_,020226.00,0438.09458,N,07404.10219,W,1,12,1.08,2601.4,M,4.7,M,,*5F_
1,2,240,85,87,2.055789,-87,255_,020017.00,0438.09185,N,07404.10155,W,1,12,1.02,2606.2,M,4.7,M,,*5A_
1,2,240,84,86,2.080609,-86,255_,015935.00,0438.09256,N,07404.10187,W,1,12,1.02,2608.7,M,4.7,M,,*5C_
1,2,240,83,85,2.054278,-88,255_,015815.00,0438.09180,N,07404.10147,W,1,12,1.01,2608.4,M,4.7,M,,*5B_
1,2,240,82,84,2.065168,-88,255_,015615.00,0438.08998,N,07404.10072,W,1,11,1.22,2602.8,M,4.7,M,,*56_
1,2,240,81,83,2.083786,-88,255_,015258.00,0438.08686,N,07404.10419,W,1,12,1.30,2595.9,M,4.7,M,,*5E_
1,2,240,80,82,2.083852,-34,255_,015217.00,0438.09050,N,07404.10658,W,1,12,0.94,2591.4,M,4.7,M,,*58_
1,2,240,79,81,2.061802,-88,255_,015134.00,0438.09448,N,07404.10693,W,1,12,1.18,2592.6,M,4.7,M,,*54_
1,2,240,78,80,2.053881,-89,255_,015053.00,0438.09223,N,07404.10349,W,1,12,0.95,2601.0,M,4.7,M,,*56_
1,2,240,77,79,2.053805,-89,255_,014932.00,0438.09072,N,07404.10352,W,1,12,0.95,2601.3,M,4.7,M,,*56_
1,2,240,76,78,2.069788,-88,255_,014851.00,0438.08793,N,07404.10072,W,1,12,1.03,2601.9,M,4.7,M,,*5E_
1,2,240,75,77,2.059847,-87,255_,014809.00,0438.08795,N,07404.10077,W,1,10,1.08,2602.3,M,4.7,M,,*50_
1,2,240,74,76,2.069730,-88,255_,014451.00,0438.09171,N,07404.10240,W,1,12,0.96,2596.9,M,4.7,M,,*5A_
1,2,240,73,75,2.054298,-77,255_,014410.00,0438.09098,N,07404.10217,W,1,12,0.96,2591.5,M,4.7,M,,*50_
1,2,240,72,74,2.054321,-86,255_,014210.00,0438.09041,N,07404.10235,W,1,12,1.07,2596.5,M,4.7,M,,*5C_
1,2,240,71,73,2.065247,-87,255_,014049.00,0438.08887,N,07404.10283,W,1,12,1.11,2600.5,M,4.7,M,,*57_
1,2,240,70,72,2.060798,-84,255_,013930.00,0438.09107,N,07404.10153,W,1,12,1.00,2606.1,M,4.7,M,,*5B_
1,2,240,69,71,2.084940,-86,255_,013848.00,0438.09205,N,07404.10038,W,1,12,1.09,2604.3,M,4.7,M,,*51_
1,2,240,68,70,2.074755,-86,255_,013727.00,0438.09769,N,07404.09761,W,1,11,1.14,2587.7,M,4.7,M,,*58_
1,2,240,67,69,2.054599,-86,255_,013606.00,0438.09380,N,07404.09853,W,1,12,1.00,2592.7,M,4.7,M,,*55_
1,2,240,66,68,2.073434,-88,255_,013445.00,0438.09041,N,07404.10169,W,1,11,1.05,2596.8,M,4.7,M,,*5B_
1,2,240,65,67,2.057341,-88,255_,013403.00,0438.09101,N,07404.10100,W,1,11,1.17,2595.9,M,4.7,M,,*52_
1,2,240,64,66,2.054701,-88,255_,013242.00,0438.09073,N,07404.10131,W,1,10,1.16,2601.7,M,4.7,M,,*57_
1,2,240,63,65,2.069780,-88,255_,013044.00,0438.09038,N,07404.10232,W,1,12,1.11,2593.4,M,4.7,M,,*52_
1,2,240,62,64,2.065924,-88,255_,012924.00,0438.09072,N,07404.10172,W,1,10,1.18,2597.7,M,4.7,M,,*59_
1,2,240,61,63,2.065676,-88,255_,012726.00,0438.08941,N,07404.10188,W,1,10,1.24,2595.9,M,4.7,M,,*5B_
1,2,240,60,62,2.059794,-86,255_,012644.00,0438.08984,N,07404.10157,W,1,10,1.23,2597.2,M,4.7,M,,*5B_
1,2,240,59,61,2.090814,-88,255_,012523.00,0438.09011,N,07404.10250,W,1,09,1.32,2593.5,M,4.7,M,,*52_
1,2,240,58,60,2.060622,-89,255_,012402.00,0438.09018,N,07404.10110,W,1,12,1.18,2592.9,M,4.7,M,,*51_
1,2,240,57,59,2.080663,-88,255_,012320.00,0438.08994,N,07404.09995,W,1,12,1.16,2599.9,M,4.7,M,,*52_
1,2,240,56,58,2.075919,-88,255_,012239.00,0438.09045,N,07404.09918,W,1,11,1.18,2596.4,M,4.7,M,,*55_
1,2,240,55,57,2.080569,-86,255_,012157.00,0438.09386,N,07404.09876,W,1,09,1.47,2589.8,M,4.7,M,,*5A_
1,2,240,54,56,2.062868,-90,255_,012035.00,0438.09321,N,07404.09967,W,1,10,1.24,2592.7,M,4.7,M,,*5B_
1,2,240,53,55,0.000000,-33,255_,011835.00,0438.08954,N,07404.10040,W,1,12,1.39,2601.7,M,4.7,M,,*5A_
1,2,240,52,54,2.064285,-90,255_,011557.00,0438.09062,N,07404.10287,W,1,11,1.14,2596.4,M,4.7,M,,*55_
1,2,240,51,53,2.061542,-89,255_,011437.00,0438.09184,N,07404.09760,W,1,12,1.06,2593.7,M,4.7,M,,*59_
1,2,240,50,52,2.060748,-87,255_,011355.00,0438.09121,N,07404.09777,W,1,11,1.07,2590.0,M,4.7,M,,*55_
1,2,240,49,51,2.070327,-89,255_,011314.00,0438.09128,N,07404.09893,W,1,10,1.27,2593.7,M,4.7,M,,*5B_
1,2,240,48,50,2.074326,-86,255_,011231.00,0438.09172,N,07404.10013,W,1,11,1.07,2595.3,M,4.7,M,,*5B_
1,2,240,47,49,2.054897,-86,255_,011110.00,0438.09303,N,07404.10068,W,1,12,1.05,2593.8,M,4.7,M,,*5F_
1,2,240,46,48,2.069781,-87,255_,010833.00,0438.09466,N,07404.10299,W,1,11,1.05,2590.0,M,4.7,M,,*56_
1,2,240,45,47,2.065861,-84,255_,010751.00,0438.09411,N,07404.10079,W,1,10,1.17,2588.0,M,4.7,M,,*5A_
1,2,240,44,46,2.080802,-89,255_,010551.00,0438.09401,N,07404.09748,W,1,10,1.21,2588.6,M,4.7,M,,*57_
1,2,240,43,45,2.070607,-90,255_,010508.00,0438.09467,N,07404.10112,W,1,11,1.12,2595.1,M,4.7,M,,*50_
1,2,240,42,44,2.080870,-83,255_,010354.00,0438.09425,N,07404.10416,W,1,09,1.12,2597.4,M,4.7,M,,*56_
1,2,240,41,43,2.058451,-88,255_,010313.00,0438.09434,N,07404.10757,W,1,11,1.06,2602.8,M,4.7,M,,*5C_
1,2,240,40,42,2.090847,-86,255_,010145.00,0438.08960,N,07404.10437,W,1,12,1.09,2603.1,M,4.7,M,,*51_
1,2,240,39,40,2.054848,-86,255_,010012.00,0438.09185,N,07404.10289,W,1,11,1.05,2591.2,M,4.7,M,,*57_
1,2,240,38,39,2.054676,-87,255_,005814.00,0438.09309,N,07404.09983,W,1,10,1.08,2589.7,M,4.7,M,,*52_
1,2,240,37,38,2.060621,-88,255_,005616.00,0438.09371,N,07404.10195,W,1,12,0.89,2592.1,M,4.7,M,,*50_
1,2,240,36,37,2.064466,-86,255_,005534.00,0438.09207,N,07404.10177,W,1,12,0.91,2598.3,M,4.7,M,,*5E_
1,2,240,35,36,2.055971,-86,255_,005413.00,0438.09166,N,07404.10047,W,1,12,1.06,2589.2,M,4.7,M,,*52_
1,2,240,34,35,2.072886,-88,255_,005213.00,0438.09132,N,07404.09930,W,1,12,0.91,2587.9,M,4.7,M,,*5E_
1,2,240,33,34,2.070604,-86,255_,005129.00,0438.09409,N,07404.10033,W,1,10,1.11,2593.0,M,4.7,M,,*5C_
1,2,240,32,33,2.059848,-86,255_,004853.00,0438.09282,N,07404.09989,W,1,12,0.98,2590.5,M,4.7,M,,*58_
1,2,240,31,32,2.068536,-89,255_,004812.00,0438.09173,N,07404.10142,W,1,12,0.98,2611.4,M,4.7,M,,*5C_
1,2,240,30,31,2.064525,-86,255_,004730.00,0438.09141,N,07404.10280,W,1,12,0.98,2618.9,M,4.7,M,,*5B_
1,2,240,29,30,2.060598,-87,255_,004647.00,0438.09133,N,07404.10337,W,1,12,0.86,2622.3,M,4.7,M,,*5E_
1,2,240,28,29,2.054668,-90,255_,004449.00,0438.09349,N,07404.09999,W,1,12,0.85,2589.1,M,4.7,M,,*58_
1,2,240,27,28,2.054086,-89,255_,004407.00,0438.09314,N,07404.10116,W,1,12,0.87,2596.1,M,4.7,M,,*51_
1,2,240,26,27,2.069820,-87,255_,004245.00,0438.09015,N,07404.10206,W,1,12,0.89,2605.8,M,4.7,M,,*5F_
1,2,240,25,26,2.054151,-86,255_,004126.00,0438.09203,N,07404.10183,W,1,11,0.84,2606.6,M,4.7,M,,*51_
1,2,240,24,25,2.070671,-87,255_,004044.00,0438.09396,N,07404.10024,W,1,12,0.84,2597.9,M,4.7,M,,*52_
1,2,240,23,24,2.058844,-86,255_,004001.00,0438.09220,N,07404.09659,W,1,11,0.86,2571.3,M,4.7,M,,*58_
1,2,240,22,23,2.069794,-89,255_,003919.00,0438.09557,N,07404.09751,W,1,12,0.86,2572.5,M,4.7,M,,*57_
1,2,240,22,22,2.069794,-86,255_,003840.00,0438.09596,N,07404.09878,W,1,12,0.95,2580.4,M,4.7,M,,*5D_
1,2,240,21,21,2.064277,-90,255_,003759.00,0438.09326,N,07404.10011,W,1,11,0.83,2587.3,M,4.7,M,,*5C_
1,2,240,20,20,2.057747,-84,255_,003717.00,0438.09265,N,07404.10126,W,1,12,0.83,2586.5,M,4.7,M,,*51_
1,2,240,19,19,2.067798,-85,255_,003634.00,0438.09177,N,07404.10266,W,1,12,0.95,2592.6,M,4.7,M,,*57_
1,2,240,18,18,2.054801,-88,255_,003514.00,0438.09371,N,07404.10373,W,1,12,0.82,2597.0,M,4.7,M,,*52_
1,2,240,17,17,2.064322,-90,255_,003432.00,0438.09381,N,07404.10232,W,1,12,0.86,2590.9,M,4.7,M,,*56_
1,2,240,16,16,2.080845,-79,255_,003311.00,0438.09464,N,07404.10149,W,1,10,1.13,2587.3,M,4.7,M,,*50_
1,2,240,15,15,2.056674,-88,255_,003112.00,0438.09435,N,07404.10067,W,1,12,0.95,2588.6,M,4.7,M,,*5F_
1,2,240,14,14,2.054251,-30,255_,003029.00,0438.09198,N,07404.10144,W,1,12,1.11,2599.0,M,4.7,M,,*5F_
1,2,240,13,13,2.059882,-87,255_,002909.00,0438.09448,N,07404.10180,W,1,11,1.19,2595.6,M,4.7,M,,*54_
1,2,240,12,12,2.054271,-29,255_,002828.00,0438.09489,N,07404.10028,W,1,12,0.99,2591.9,M,4.7,M,,*59_
1,2,240,11,11,2.054662,-86,255_,002746.00,0438.09372,N,07404.10059,W,1,12,0.99,2596.4,M,4.7,M,,*51_
1,2,240,10,10,2.054162,-90,255_,002626.00,0438.09372,N,07404.09980,W,1,12,0.98,2594.6,M,4.7,M,,*52_
1,2,240,9,9,2.057434,-88,255_,002544.00,0438.09296,N,07404.09994,W,1,12,0.98,2597.3,M,4.7,M,,*5D_
1,2,240,8,8,2.072025,-88,255_,002426.00,0438.09070,N,07404.10170,W,1,12,0.89,2611.0,M,4.7,M,,*56_
1,2,240,7,7,2.083824,-86,255_,002344.00,0438.08926,N,07404.10362,W,1,10,1.14,2616.6,M,4.7,M,,*59_
1,2,240,6,6,2.084008,-84,255_,002223.00,0438.09063,N,07404.10200,W,1,11,1.36,2606.5,M,4.7,M,,*56_
1,2,240,5,5,2.054038,-88,255_,002101.00,0438.08872,N,07404.10214,W,1,11,1.13,2611.6,M,4.7,M,,*5B_
1,2,240,4,4,2.075425,-88,255_,002018.00,0438.08787,N,07404.10407,W,1,12,1.42,2615.9,M,4.7,M,,*5F_
1,2,240,3,3,2.054125,-90,255_,001934.00,0438.08913,N,07404.10420,W,1,12,1.03,2612.3,M,4.7,M,,*55_
1,2,240,2,2,2.065229,-88,255_,001814.00,0438.09158,N,07404.10536,W,1,12,1.03,2607.1,M,4.7,M,,*50_
1,2,240,1,1,2.060670,-88,255_,001732.00,0438.09189,N,07404.10511,W,1,12,1.03,2606.0,M,4.7,M,,*52_
1,2,240,0,0,0.000000,-88,255_,001612.00,0438.09368,N,07404.10583,W,1,12,0.85,2600.2,M,4.7,M,,*5C_
1,0,0,0,0,0,0,0_$ 
