1,2,240,98,98,2.373718,-86,255_,204032.00,0438.09695,N,07404.10474,W,1,12,0.53,2589.0,M,4.7,M,,*5A_
1,2,240,97,97,2.379721,-91,255_,203950.00,0438.09734,N,07404.10464,W,1,12,0.52,2587.7,M,4.7,M,,*53_
1,2,240,96,96,2.373910,-90,255_,203908.00,0438.09757,N,07404.10439,W,1,12,0.54,2587.2,M,4.7,M,,*50_
1,2,240,95,95,2.363597,-91,255_,203827.00,0438.09744,N,07404.10401,W,1,12,0.53,2586.3,M,4.7,M,,*52_
1,2,240,94,94,2.367831,-88,255_,203746.00,0438.09720,N,07404.10404,W,1,12,0.54,2586.2,M,4.7,M,,*5B_
1,2,240,93,93,2.363914,-89,255_,203705.00,0438.09691,N,07404.10358,W,1,12,0.52,2586.2,M,4.7,M,,*5F_
1,2,240,92,92,2.360222,-91,255_,203624.00,0438.09686,N,07404.10397,W,1,12,0.53,2587.4,M,4.7,M,,*5E_
1,2,240,91,91,2.366839,-89,255_,203543.00,0438.09665,N,07404.10362,W,1,12,0.54,2588.1,M,4.7,M,,*56_
1,2,240,90,90,2.368076,-90,255_,203502.00,0438.09653,N,07404.10337,W,1,12,0.55,2590.2,M,4.7,M,,*5D_
1,2,240,89,89,2.366687,-90,255_,203421.00,0438.09636,N,07404.10283,W,1,12,0.53,2591.1,M,4.7,M,,*54_
1,2,240,88,88,2.366540,-86,255_,203340.00,0438.09634,N,07404.10187,W,1,12,0.53,2590.8,M,4.7,M,,*59_
1,2,240,87,87,2.360574,-91,255_,203259.00,0438.09630,N,07404.10211,W,1,12,0.53,2591.0,M,4.7,M,,*51_
1,2,240,86,86,2.359826,-89,255_,203218.00,0438.09658,N,07404.10257,W,1,12,0.53,2589.7,M,4.7,M,,*56_
1,2,240,85,85,2.368279,-90,255_,203137.00,0438.09621,N,07404.10313,W,1,12,0.55,2591.7,M,4.7,M,,*58_
1,2,240,84,84,2.369189,-87,255_,203056.00,0438.09590,N,07404.10320,W,1,12,0.58,2591.9,M,4.7,M,,*54_
1,2,240,83,83,2.366683,-86,255_,203015.00,0438.09630,N,07404.10350,W,1,12,0.53,2590.7,M,4.7,M,,*59_
1,2,240,82,82,2.359489,-86,255_,202934.00,0438.09622,N,07404.10296,W,1,12,0.53,2591.0,M,4.7,M,,*5C_
1,2,240,81,81,2.366338,-86,255_,202852.00,0438.09623,N,07404.10265,W,1,12,0.55,2589.7,M,4.7,M,,*58_
1,2,240,80,80,2.381777,-85,255_,202810.00,0438.09647,N,07404.10340,W,1,12,0.54,2589.5,M,4.7,M,,*59_
1,2,240,79,79,2.368202,-89,255_,202729.00,0438.09675,N,07404.10419,W,1,12,0.53,2588.4,M,4.7,M,,*51_
1,2,240,78,78,2.361465,-90,255_,202648.00,0438.09703,N,07404.10465,W,1,12,0.53,2587.6,M,4.7,M,,*51_
1,2,240,77,77,2.364121,-90,255_,202607.00,0438.09704,N,07404.10466,W,1,12,0.54,2588.3,M,4.7,M,,*53_
1,2,240,76,76,2.366130,-90,255_,202526.00,0438.09660,N,07404.10342,W,1,12,0.53,2588.8,M,4.7,M,,*5D_
1,2,240,75,75,2.358489,-90,255_,202445.00,0438.09626,N,07404.10302,W,1,12,0.54,2590.0,M,4.7,M,,*59_
1,2,240,74,74,2.359450,-92,255_,202404.00,0438.09673,N,07404.10379,W,1,12,0.55,2590.6,M,4.7,M,,*57_
1,2,240,73,73,2.360272,-88,255_,202323.00,0438.09684,N,07404.10435,W,1,12,0.55,2590.2,M,4.7,M,,*56_
1,2,240,72,72,2.364277,-88,255_,202242.00,0438.09710,N,07404.10484,W,1,12,0.55,2589.4,M,4.7,M,,*58_
1,2,240,71,71,2.367468,-89,255_,202201.00,0438.09688,N,07404.10410,W,1,12,0.55,2587.3,M,4.7,M,,*5B_
1,2,240,70,70,2.364425,-89,255_,202121.00,0438.09682,N,07404.10362,W,1,12,0.53,2588.0,M,4.7,M,,*58_
1,2,240,69,69,2.361051,-89,255_,202040.00,0438.09684,N,07404.10349,W,1,12,0.53,2588.2,M,4.7,M,,*53_
1,2,240,68,68,2.366469,-91,255_,201959.00,0438.09631,N,07404.10250,W,1,12,0.53,2587.9,M,4.7,M,,*52_
1,2,240,67,67,2.364400,-92,255_,201918.00,0438.09603,N,07404.10250,W,1,12,0.54,2589.4,M,4.7,M,,*52_
1,2,240,66,66,2.364464,-91,255_,201837.00,0438.09635,N,07404.10236,W,1,12,0.54,2588.1,M,4.7,M,,*5F_
1,2,240,65,65,2.364845,-88,255_,201756.00,0438.09631,N,07404.10163,W,1,12,0.53,2586.9,M,4.7,M,,*51_
1,2,240,64,64,2.380346,-88,255_,201715.00,0438.09649,N,07404.10218,W,1,12,0.54,2588.5,M,4.7,M,,*53_
1,2,240,63,63,2.390776,-90,255_,201633.00,0438.09708,N,07404.10302,W,1,12,0.53,2591.3,M,4.7,M,,*51_
1,2,240,62,62,2.369735,-91,255_,201551.00,0438.09738,N,07404.10359,W,1,12,0.56,2593.2,M,4.7,M,,*5D_
1,2,240,61,61,2.367210,-80,255_,201510.00,0438.09741,N,07404.10377,W,1,12,0.55,2593.1,M,4.7,M,,*5A_
1,2,240,60,60,2.363320,-90,255_,201429.00,0438.09756,N,07404.10453,W,1,12,0.55,2593.7,M,4.7,M,,*50_
1,2,240,59,59,2.368136,-90,255_,201347.00,0438.09730,N,07404.10442,W,1,12,0.55,2593.7,M,4.7,M,,*5F_
1,2,240,58,58,2.367298,-86,255_,201307.00,0438.09676,N,07404.10437,W,1,12,0.56,2593.6,M,4.7,M,,*58_
1,2,240,57,57,2.363751,-91,255_,201226.00,0438.09649,N,07404.10367,W,1,12,0.58,2593.0,M,4.7,M,,*5C_
1,2,240,56,56,2.366802,-89,255_,201145.00,0438.09672,N,07404.10408,W,1,12,0.53,2593.7,M,4.7,M,,*50_
1,2,240,55,55,2.367121,-89,255_,201104.00,0438.09686,N,07404.10468,W,1,12,0.55,2593.6,M,4.7,M,,*5F_
1,2,240,54,54,2.378353,-87,255_,201023.00,0438.09712,N,07404.10487,W,1,12,0.56,2593.5,M,4.7,M,,*56_
1,2,240,53,53,2.368886,-87,255_,200942.00,0438.09777,N,07404.10567,W,1,12,0.55,2593.1,M,4.7,M,,*52_
1,2,240,52,52,2.365703,-90,255_,200824.00,0438.09746,N,07404.10468,W,1,12,0.55,2593.2,M,4.7,M,,*5C_
1,2,240,51,51,2.368051,-91,255_,200744.00,0438.09713,N,07404.10401,W,1,12,0.56,2593.8,M,4.7,M,,*53_
1,2,240,50,50,2.362501,-90,255_,200703.00,0438.09672,N,07404.10349,W,1,12,0.56,2594.1,M,4.7,M,,*53_
1,2,240,49,49,2.360557,-77,255_,200622.00,0438.09616,N,07404.10219,W,1,12,0.57,2594.6,M,4.7,M,,*51_
1,2,240,48,48,2.366139,-88,255_,200541.00,0438.09576,N,07404.10152,W,1,12,0.59,2595.4,M,4.7,M,,*53_
1,2,240,47,47,2.359799,-88,255_,200459.00,0438.09566,N,07404.10155,W,1,12,0.58,2595.3,M,4.7,M,,*5B_
1,2,240,46,46,2.367357,-91,255_,200420.00,0438.09586,N,07404.10206,W,1,12,0.58,2595.8,M,4.7,M,,*55_
1,2,240,45,45,2.364021,-86,255_,200339.00,0438.09618,N,07404.10294,W,1,12,0.57,2596.8,M,4.7,M,,*59_
1,2,240,44,44,2.359457,-88,255_,200258.00,0438.09619,N,07404.10281,W,1,12,0.56,2598.0,M,4.7,M,,*5D_
1,2,240,43,43,2.364135,-90,255_,200217.00,0438.09589,N,07404.10246,W,1,12,0.57,2597.9,M,4.7,M,,*50_
1,2,240,42,42,2.359207,-90,255_,200136.00,0438.09592,N,07404.10265,W,1,12,0.59,2595.3,M,4.7,M,,*5D_
1,2,240,41,41,2.363423,-85,255_,200055.00,0438.09588,N,07404.10254,W,1,12,0.58,2593.9,M,4.7,M,,*5D_
1,2,240,40,40,2.362983,-86,255_,200014.00,0438.09576,N,07404.10257,W,1,12,0.58,2595.2,M,4.7,M,,*57_
1,2,240,39,39,2.377918,-91,255_,195933.00,0438.09578,N,07404.10214,W,1,12,0.59,2595.5,M,4.7,M,,*5B_
1,2,240,38,38,2.366922,-90,255_,195852.00,0438.09592,N,07404.10228,W,1,12,0.59,2596.3,M,4.7,M,,*53_
1,2,240,37,37,2.370963,-80,255_,195810.00,0438.09589,N,07404.10261,W,1,12,0.60,2596.7,M,4.7,M,,*5C_
1,2,240,36,36,2.371257,-91,255_,195729.00,0438.09554,N,07404.10222,W,1,12,0.59,2597.2,M,4.7,M,,*50_
1,2,240,35,35,2.359670,-92,255_,195647.00,0438.09550,N,07404.10271,W,1,12,0.58,2597.8,M,4.7,M,,*50_
1,2,240,34,34,2.361204,-88,255_,195605.00,0438.09620,N,07404.10373,W,1,12,0.60,2599.4,M,4.7,M,,*58_
1,2,240,33,33,2.359094,-86,255_,195526.00,0438.09581,N,07404.10304,W,1,12,0.59,2598.8,M,4.7,M,,*55_
1,2,240,32,32,2.364308,-92,255_,195120.00,0438.09765,N,07404.10618,W,1,12,0.64,2593.7,M,4.7,M,,*5D_
1,2,240,31,31,2.365832,-88,255_,195039.00,0438.09762,N,07404.10532,W,1,12,0.64,2596.0,M,4.7,M,,*5A_
1,2,240,30,30,2.367642,-90,255_,194958.00,0438.09744,N,07404.10506,W,1,12,0.64,2596.7,M,4.7,M,,*51_
1,2,240,29,29,2.360450,-90,255_,194917.00,0438.09701,N,07404.10432,W,1,12,0.64,2597.5,M,4.7,M,,*5E_
1,2,240,28,28,2.364663,-90,255_,194836.00,0438.09715,N,07404.10414,W,1,12,0.66,2597.3,M,4.7,M,,*59_
1,2,240,27,27,2.367454,-88,255_,194755.00,0438.09744,N,07404.10437,W,1,12,0.60,2596.3,M,4.7,M,,*51_
1,2,240,26,26,2.361809,-87,255_,194714.00,0438.09776,N,07404.10434,W,1,12,0.61,2598.0,M,4.7,M,,*5A_
1,2,240,25,25,2.355673,-88,255_,194633.00,0438.09815,N,07404.10566,W,1,12,0.63,2596.5,M,4.7,M,,*5B_
1,2,240,24,24,2.362846,-90,255_,194552.00,0438.09838,N,07404.10679,W,1,12,0.65,2593.8,M,4.7,M,,*53_
1,2,240,23,23,2.356514,-89,255_,194511.00,0438.09838,N,07404.10681,W,1,12,0.63,2593.5,M,4.7,M,,*58_
1,2,240,22,22,2.356896,-86,255_,193454.00,0438.09656,N,07404.10574,W,1,12,0.68,2592.3,M,4.7,M,,*5C_
1,2,240,21,21,2.356307,-90,255_,192234.00,0438.09457,N,07404.10571,W,1,12,0.70,2595.3,M,4.7,M,,*55_
1,2,240,20,20,2.356366,-84,255_,191702.00,0438.09420,N,07404.10552,W,1,12,0.67,2594.8,M,4.7,M,,*5B_
1,2,240,19,19,2.357162,-88,255_,191537.00,0438.09332,N,07404.10580,W,1,12,0.71,2595.1,M,4.7,M,,*5B_
1,2,240,18,18,2.356427,-35,255_,191126.00,0438.09321,N,07404.10622,W,1,12,0.66,2594.9,M,4.7,M,,*59_
1,2,240,17,17,2.361031,-86,255_,191001.00,0438.09334,N,07404.10480,W,1,12,0.67,2595.4,M,4.7,M,,*5E_
1,2,240,16,16,2.366940,-86,255_,190550.00,0438.09345,N,07404.10459,W,1,12,0.66,2597.6,M,4.7,M,,*5D_
1,2,240,15,15,2.356244,-80,255_,190144.00,0438.09167,N,07404.10275,W,1,12,0.65,2607.8,M,4.7,M,,*51_
1,2,240,14,14,2.357110,-88,255_,185611.00,0438.09391,N,07404.10309,W,1,12,0.71,2601.1,M,4.7,M,,*59_
1,2,240,13,13,2.356458,-88,255_,184634.00,0438.09517,N,07404.10185,W,1,12,0.93,2600.5,M,4.7,M,,*58_
1,2,240,12,12,2.363293,-87,255_,184550.00,0438.09584,N,07404.10118,W,1,12,0.84,2596.4,M,4.7,M,,*5C_
1,2,240,11,11,2.371411,-84,255_,183937.00,0438.09594,N,07404.10310,W,1,12,0.80,2598.8,M,4.7,M,,*5B_
1,2,240,10,10,0.000000,-88,255_,182920.00,0438.09543,N,07404.10187,W,1,12,0.77,2601.4,M,4.7,M,,*5D_
1,2,240,9,9,2.366650,-81,255_,182618.00,0438.09617,N,07404.10382,W,1,12,0.76,2600.8,M,4.7,M,,*50_
1,2,240,8,8,2.363018,-86,255_,182537.00,0438.09657,N,07404.10403,W,1,12,0.76,2600.5,M,4.7,M,,*59_
1,2,240,7,7,2.366574,-85,255_,182048.00,0438.09619,N,07404.10273,W,1,12,0.74,2604.3,M,4.7,M,,*5F_
1,2,240,6,6,2.362432,-85,255_,181926.00,0438.09626,N,07404.10347,W,1,12,0.75,2604.5,M,4.7,M,,*50_
1,2,240,5,5,2.364626,-87,255_,181845.00,0438.09667,N,07404.10389,W,1,12,0.68,2603.9,M,4.7,M,,*54_
1,2,240,4,4,2.384792,-88,255_,181803.00,0438.09666,N,07404.10359,W,1,12,0.68,2602.7,M,4.7,M,,*55_
1,2,240,3,3,2.366733,-88,255_,181722.00,0438.09689,N,07404.10385,W,1,12,0.67,2602.3,M,4.7,M,,*52_
1,2,240,2,2,2.358485,-88,255_,181639.00,0438.09712,N,07404.10437,W,1,12,0.67,2603.6,M,4.7,M,,*50_
1,2,240,1,1,0.000000,-41,255_,181521.00,0438.09771,N,07404.10554,W,1,12,0.67,2603.7,M,4.7,M,,*5A_
1,2,240,0,0,0.000000,-84,255_,180826.00,0438.09740,N,07404.10584,W,1,12,0.67,2599.0,M,4.7,M,,*59_
1,0,0,0,0,0,0,0_$ 
