5,1,240,104,104,3.592871,-98,255_,165828.00,0438.09361,N,07404.10527,W,1,12,0.69,2589.2,M,4.7,M,,*5F_
5,1,240,103,103,3.603430,-97,255_,165736.00,0438.09315,N,07404.10669,W,1,12,0.68,2586.1,M,4.7,M,,*58_
5,1,240,102,102,3.599008,-95,255_,165644.00,0438.09341,N,07404.10651,W,1,12,0.67,2587.6,M,4.7,M,,*5F_
5,1,240,101,101,3.594559,-98,255_,165551.00,0438.09401,N,07404.10563,W,1,12,0.66,2589.2,M,4.7,M,,*52_
5,1,240,100,100,3.596498,-98,255_,165459.00,0438.09335,N,07404.10515,W,1,12,0.67,2593.9,M,4.7,M,,*5B_
5,1,240,99,99,3.597722,-98,255_,165406.00,0438.09306,N,07404.10617,W,1,12,0.66,2597.5,M,4.7,M,,*59_
5,1,240,98,98,3.608005,-98,255_,165314.00,0438.09296,N,07404.10613,W,1,12,0.69,2595.4,M,4.7,M,,*5D_
5,1,240,97,97,3.606896,-98,255_,165221.00,0438.09313,N,07404.10588,W,1,12,0.66,2591.7,M,4.7,M,,*5F_
5,1,240,96,96,3.591723,-100,255_,165129.00,0438.09271,N,07404.10431,W,1,12,0.70,2590.1,M,4.7,M,,*52_
5,1,240,95,95,3.598026,-97,255_,165036.00,0438.09317,N,07404.10410,W,1,12,0.74,2586.4,M,4.7,M,,*59_
5,1,240,94,94,3.593677,-98,255_,164945.00,0438.09344,N,07404.10369,W,1,12,0.69,2587.6,M,4.7,M,,*55_
5,1,240,93,93,3.595207,-100,255_,164853.00,0438.09355,N,07404.10417,W,1,12,0.70,2588.1,M,4.7,M,,*5D_
5,1,240,92,92,3.586248,-98,255_,164800.00,0438.09347,N,07404.10461,W,1,12,0.69,2589.5,M,4.7,M,,*54_
5,1,240,91,91,3.599640,-97,255_,164708.00,0438.09314,N,07404.10420,W,1,12,0.72,2591.8,M,4.7,M,,*5E_
5,1,240,90,90,3.586463,-98,255_,164615.00,0438.09405,N,07404.10412,W,1,12,0.70,2596.0,M,4.7,M,,*58_
5,1,240,89,89,3.595261,-97,255_,164523.00,0438.09397,N,07404.10381,W,1,12,0.70,2595.5,M,4.7,M,,*59_
5,1,240,88,88,3.611880,-95,255_,164430.00,0438.09213,N,07404.10228,W,1,12,0.76,2603.8,M,4.7,M,,*52_
5,1,240,87,87,3.586346,-97,255_,164339.00,0438.09235,N,07404.10161,W,1,12,0.86,2603.7,M,4.7,M,,*56_
5,1,240,86,86,3.589165,-98,255_,164247.00,0438.09333,N,07404.10271,W,1,12,0.83,2594.3,M,4.7,M,,*57_
5,1,240,85,85,3.586383,-95,255_,164155.00,0438.09392,N,07404.10369,W,1,12,0.79,2587.9,M,4.7,M,,*59_
5,1,240,84,84,3.593819,-98,255_,164102.00,0438.09447,N,07404.10616,W,1,12,0.82,2589.1,M,4.7,M,,*5B_
5,1,240,83,83,3.593672,-98,255_,164010.00,0438.09497,N,07404.10635,W,1,12,0.82,2588.8,M,4.7,M,,*5D_
5,1,240,82,82,3.592614,-84,255_,163918.00,0438.09507,N,07404.10576,W,1,12,0.76,2590.9,M,4.7,M,,*54_
5,1,240,81,81,3.598611,-98,255_,163825.00,0438.09536,N,07404.10587,W,1,12,0.76,2596.0,M,4.7,M,,*58_
5,1,240,80,80,3.599625,-98,255_,163732.00,0438.09436,N,07404.10526,W,1,12,0.77,2595.4,M,4.7,M,,*5D_
5,1,240,79,79,3.595718,-98,255_,163639.00,0438.09496,N,07404.10698,W,1,12,0.75,2594.0,M,4.7,M,,*5C_
5,1,240,78,78,3.593891,-97,255_,163546.00,0438.09604,N,07404.10688,W,1,12,0.77,2595.7,M,4.7,M,,*5B_
5,1,240,77,77,3.609293,-100,255_,163453.00,0438.09533,N,07404.10568,W,1,12,0.78,2591.9,M,4.7,M,,*51_
5,1,240,76,76,3.601340,-98,255_,163401.00,0438.09488,N,07404.10534,W,1,12,0.74,2591.6,M,4.7,M,,*5D_
5,1,240,75,75,3.596903,-91,255_,163309.00,0438.09477,N,07404.10421,W,1,12,0.75,2592.3,M,4.7,M,,*50_
5,1,240,74,74,3.597267,-85,255_,163217.00,0438.09468,N,07404.10313,W,1,12,0.72,2591.9,M,4.7,M,,*58_
5,1,240,73,73,3.596701,-97,255_,163125.00,0438.09516,N,07404.10279,W,1,12,0.77,2591.6,M,4.7,M,,*55_
5,1,240,72,72,3.595471,-100,255_,163032.00,0438.09541,N,07404.10381,W,1,12,0.73,2589.7,M,4.7,M,,*5A_
5,1,240,71,71,3.590820,-98,255_,162938.00,0438.09504,N,07404.10407,W,1,12,0.73,2586.5,M,4.7,M,,*5D_
5,1,240,70,70,3.602217,-98,255_,162847.00,0438.09511,N,07404.10423,W,1,12,0.73,2584.5,M,4.7,M,,*54_
5,1,240,69,69,3.591826,-98,255_,162754.00,0438.09518,N,07404.10547,W,1,12,0.71,2586.3,M,4.7,M,,*55_
5,1,240,68,68,3.586445,-96,255_,162701.00,0438.09505,N,07404.10566,W,1,12,0.73,2591.4,M,4.7,M,,*59_
5,1,240,67,67,3.605705,-98,255_,162606.00,0438.09509,N,07404.10538,W,1,12,0.72,2594.0,M,4.7,M,,*58_
5,1,240,66,66,3.586369,-97,255_,162515.00,0438.09451,N,07404.10418,W,1,12,0.72,2596.2,M,4.7,M,,*56_
5,1,240,65,65,3.587211,-98,255_,162424.00,0438.09459,N,07404.10569,W,1,12,0.74,2594.3,M,4.7,M,,*5F_
5,1,240,64,64,3.615727,-97,255_,162330.00,0438.09560,N,07404.10621,W,1,12,0.72,2592.9,M,4.7,M,,*53_
5,1,240,63,63,3.596679,-94,255_,162239.00,0438.09596,N,07404.10595,W,1,12,0.80,2593.4,M,4.7,M,,*5F_
5,1,240,62,62,3.586363,-98,255_,162146.00,0438.09534,N,07404.10575,W,1,12,0.77,2596.1,M,4.7,M,,*5A_
5,1,240,61,61,3.596551,-97,255_,162054.00,0438.09502,N,07404.10607,W,1,12,0.83,2592.7,M,4.7,M,,*52_
5,1,240,60,60,3.595350,-97,255_,162001.00,0438.09526,N,07404.10750,W,1,12,0.81,2586.6,M,4.7,M,,*51_
5,1,240,59,59,3.603620,-97,255_,161907.00,0438.09462,N,07404.10680,W,1,12,0.82,2591.3,M,4.7,M,,*50_
5,1,240,58,58,3.601873,-97,255_,161815.00,0438.09462,N,07404.10567,W,1,12,0.76,2592.3,M,4.7,M,,*50_
5,1,240,57,57,3.598118,-98,255_,161723.00,0438.09484,N,07404.10534,W,1,12,0.80,2588.6,M,4.7,M,,*53_
5,1,240,56,56,3.599396,-97,255_,161629.00,0438.09447,N,07404.10588,W,1,12,0.80,2588.3,M,4.7,M,,*55_
5,1,240,55,55,3.600100,-97,255_,161536.00,0438.09512,N,07404.10796,W,1,12,0.76,2578.5,M,4.7,M,,*54_
5,1,240,54,54,3.588844,-98,255_,161444.00,0438.09465,N,07404.10596,W,1,12,0.75,2586.8,M,4.7,M,,*5C_
5,1,240,53,53,4.596735,-100,255_,161352.00,0438.09464,N,07404.10595,W,1,12,0.77,2589.6,M,4.7,M,,*5D_
5,1,240,52,52,3.598460,-97,255_,161300.00,0438.09486,N,07404.10546,W,1,12,0.79,2592.3,M,4.7,M,,*59_
5,1,240,51,51,3.596460,-98,255_,161208.00,0438.09500,N,07404.10584,W,1,12,0.78,2586.8,M,4.7,M,,*5E_
5,1,240,50,50,3.596553,-97,255_,161115.00,0438.09518,N,07404.10466,W,1,12,0.77,2588.4,M,4.7,M,,*58_
5,1,240,49,49,3.606028,-97,255_,161022.00,0438.09519,N,07404.10342,W,1,12,0.81,2593.0,M,4.7,M,,*5A_
5,1,240,48,48,3.596159,-97,255_,160931.00,0438.09485,N,07404.10279,W,1,12,0.75,2599.2,M,4.7,M,,*5E_
5,1,240,47,47,3.596410,-98,255_,160838.00,0438.09497,N,07404.10294,W,1,12,0.75,2594.1,M,4.7,M,,*58_
5,1,240,46,46,3.605754,-100,255_,160746.00,0438.09495,N,07404.10356,W,1,12,0.77,2589.7,M,4.7,M,,*5B_
5,1,240,45,45,3.598106,-98,255_,160653.00,0438.09492,N,07404.10498,W,1,12,0.79,2586.2,M,4.7,M,,*58_
5,1,240,44,44,3.617300,-95,255_,160601.00,0438.09484,N,07404.10321,W,1,12,0.79,2596.4,M,4.7,M,,*5A_
5,1,240,43,43,3.594218,-95,255_,160509.00,0438.09355,N,07404.10215,W,1,12,0.75,2606.9,M,4.7,M,,*57_
5,1,240,42,42,3.586417,-85,255_,160417.00,0438.09372,N,07404.10276,W,1,12,0.74,2600.9,M,4.7,M,,*5E_
5,1,240,41,41,3.586337,-96,255_,160325.00,0438.09386,N,07404.10282,W,1,12,0.74,2596.7,M,4.7,M,,*5A_
5,1,240,40,40,3.589846,-98,255_,160232.00,0438.09341,N,07404.10338,W,1,12,0.74,2590.4,M,4.7,M,,*53_
5,1,240,39,39,3.597946,-97,255_,160140.00,0438.09460,N,07404.10371,W,1,12,0.76,2584.7,M,4.7,M,,*58_
5,1,240,38,38,3.598124,-96,255_,160047.00,0438.09504,N,07404.10130,W,1,12,0.75,2589.3,M,4.7,M,,*50_
5,1,240,37,37,3.586435,-97,255_,155955.00,0438.09477,N,07404.10124,W,1,12,0.75,2597.2,M,4.7,M,,*52_
5,1,240,36,36,3.597515,-97,255_,155902.00,0438.09520,N,07404.10353,W,1,12,0.74,2599.6,M,4.7,M,,*5A_
5,1,240,35,35,3.598555,-98,255_,155809.00,0438.09491,N,07404.10433,W,1,12,0.74,2602.6,M,4.7,M,,*5B_
5,1,240,34,34,3.586347,-89,255_,155717.00,0438.09483,N,07404.10480,W,1,12,0.77,2600.2,M,4.7,M,,*55_
5,1,240,33,33,3.586391,-97,255_,155625.00,0438.09502,N,07404.10294,W,1,12,0.73,2599.9,M,4.7,M,,*52_
5,1,240,32,32,3.599421,-96,255_,155533.00,0438.09483,N,07404.10349,W,1,12,0.73,2599.7,M,4.7,M,,*51_
5,1,240,31,31,3.600839,-96,255_,155441.00,0438.09522,N,07404.10433,W,1,12,0.73,2604.0,M,4.7,M,,*55_
5,1,240,30,30,3.597077,-102,255_,155348.00,0438.09506,N,07404.10412,W,1,12,0.83,2602.5,M,4.7,M,,*52_
5,1,240,29,29,3.600211,-97,255_,155256.00,0438.09522,N,07404.10077,W,1,12,0.73,2598.1,M,4.7,M,,*56_
5,1,240,28,28,3.596613,-100,255_,155204.00,0438.09483,N,07404.09994,W,1,12,0.73,2597.2,M,4.7,M,,*5B_
5,1,240,27,27,3.595644,-96,255_,155112.00,0438.09507,N,07404.09930,W,1,12,0.73,2599.7,M,4.7,M,,*57_
5,1,240,26,26,3.608456,-97,255_,155019.00,0438.09488,N,07404.09950,W,1,12,0.73,2601.8,M,4.7,M,,*50_
5,1,240,25,25,3.595742,-98,255_,154927.00,0438.09527,N,07404.09961,W,1,12,0.74,2602.0,M,4.7,M,,*5F_
5,1,240,24,24,3.596477,-96,255_,154835.00,0438.09520,N,07404.09957,W,1,12,0.73,2600.4,M,4.7,M,,*5E_
5,1,240,23,23,3.593524,-98,255_,154742.00,0438.09506,N,07404.10023,W,1,12,0.73,2597.8,M,4.7,M,,*56_
5,1,240,22,22,3.597399,-97,255_,154650.00,0438.09480,N,07404.10113,W,1,12,0.73,2595.1,M,4.7,M,,*52_
5,1,240,21,21,3.587022,-97,255_,154557.00,0438.09515,N,07404.10062,W,1,12,0.74,2595.8,M,4.7,M,,*52_
5,1,240,20,20,3.596617,-100,255_,154505.00,0438.09509,N,07404.09987,W,1,11,0.73,2599.0,M,4.7,M,,*52_
5,1,240,19,19,3.593993,-97,255_,154412.00,0438.09511,N,07404.10073,W,1,12,0.73,2600.8,M,4.7,M,,*5E_
5,1,240,18,18,3.594552,-96,255_,154320.00,0438.09439,N,07404.10214,W,1,12,0.77,2599.1,M,4.7,M,,*5E_
5,1,240,17,17,3.602734,-98,255_,154228.00,0438.09390,N,07404.10178,W,1,12,0.77,2596.6,M,4.7,M,,*52_
5,1,240,16,16,3.594573,-98,255_,154136.00,0438.09360,N,07404.10077,W,1,12,0.77,2593.8,M,4.7,M,,*54_
5,1,240,15,15,3.596614,-97,255_,154044.00,0438.09324,N,07404.09961,W,1,11,0.78,2591.6,M,4.7,M,,*56_
5,1,240,14,14,3.600280,-98,255_,153952.00,0438.09296,N,07404.09904,W,1,12,0.77,2594.2,M,4.7,M,,*59_
5,1,240,13,13,3.586337,-97,255_,153900.00,0438.09334,N,07404.09927,W,1,11,0.86,2601.4,M,4.7,M,,*52_
5,1,240,12,12,3.589488,-98,255_,153807.00,0438.09278,N,07404.09972,W,1,12,0.85,2614.4,M,4.7,M,,*59_
5,1,240,11,11,3.586496,-97,255_,153714.00,0438.08571,N,07404.09759,W,1,12,3.03,2631.3,M,4.7,M,,*51_
5,1,240,10,10,3.509263,-100,255_,153622.00,0438.07299,N,07404.09284,W,1,11,3.27,2664.7,M,4.7,M,,*5F_
5,1,240,9,9,3.514714,-98,255_,153530.00,0438.06445,N,07404.09062,W,1,12,4.90,2686.5,M,4.7,M,,*55_
5,1,240,8,8,3.515821,-98,255_,153437.00,0438.06794,N,07404.09289,W,1,12,3.13,2675.4,M,4.7,M,,*5A_
5,1,240,7,7,3.504787,-96,255_,153345.00,0438.06603,N,07404.09299,W,1,12,2.90,2674.0,M,4.7,M,,*59_
5,1,240,6,6,3.514952,-100,255_,153253.00,0438.06696,N,07404.09430,W,1,12,1.01,2671.9,M,4.7,M,,*51_
5,1,240,5,5,3.519249,-97,255_,153201.00,0438.06316,N,07404.09431,W,1,12,1.01,2682.9,M,4.7,M,,*56_
5,1,240,4,4,3.508306,-97,255_,153109.00,0438.05875,N,07404.09420,W,1,12,1.04,2693.7,M,4.7,M,,*5B_
5,1,240,3,3,3.514438,-85,255_,153017.00,0438.06165,N,07404.09571,W,1,12,2.74,2688.0,M,4.7,M,,*52_
5,1,240,2,2,3.504308,-98,255_,152925.00,0438.06257,N,07404.09492,W,1,12,2.85,2686.0,M,4.7,M,,*55_
5,1,240,1,1,3.515120,-98,255_,152832.00,0438.07375,N,07404.09585,W,1,12,2.66,2652.5,M,4.7,M,,*54_
5,1,240,0,0,0.000000,-98,255_,152739.00,0438.07706,N,07404.09668,W,1,12,2.62,2639.2,M,4.7,M,,*5E_
5,0,0,0,0,0,0,0_$ 
