2,2,240,0,0,0.000000,-18,255_$GNGGA,210004.00,0438.09543,N,07404.10221,W,1,12,0.54,2593.0,M,4.7,M,,*58_
2,2,240,0,0,0.000000,-17,255_$GNGGA,205943.00,0438.09532,N,07404.10219,W,1,12,0.53,2593.1,M,4.7,M,,*5D_
2,2,240,0,0,0.000000,-17,255_$GNGGA,205926.00,0438.09524,N,07404.10207,W,1,12,0.55,2593.0,M,4.7,M,,*51_
2,2,240,0,0,0.000000,-17,255_$GNGGA,205915.00,0438.09515,N,07404.10199,W,1,12,0.56,2593.2,M,4.7,M,,*56_
2,2,240,0,0,0.000000,-62,255_$GNGGA,205847.00,0438.09518,N,07404.10209,W,1,12,0.55,2594.1,M,4.7,M,,*50_
2,2,240,0,0,0.000000,-18,255_$GNGGA,205819.00,0438.09546,N,07404.10221,W,1,12,0.53,2594.7,M,4.7,M,,*5A_
2,2,240,0,0,0.000000,-91,255_$GNGGA,205750.00,0438.09558,N,07404.10214,W,1,12,0.55,2595.1,M,4.7,M,,*50_
2,2,240,0,0,0.000000,-91,255_$GNGGA,205716.00,0438.09554,N,07404.10178,W,1,12,0.58,2595.7,M,4.7,M,,*5C_
2,2,240,0,0,0.000000,-90,255_$GNGGA,205704.00,0438.09563,N,07404.10160,W,1,12,0.56,2595.0,M,4.7,M,,*5B_
2,2,240,0,0,0.000000,-91,255_$GNGGA,205652.00,0438.09568,N,07404.10152,W,1,12,0.58,2595.3,M,4.7,M,,*5E_
2,2,240,0,0,0.000000,-88,255_$GNGGA,205640.00,0438.09575,N,07404.10157,W,1,12,0.55,2596.3,M,4.7,M,,*5A_
2,2,240,0,0,0.000000,-91,255_$GNGGA,205628.00,0438.09573,N,07404.10166,W,1,12,0.58,2597.3,M,4.7,M,,*5C_
2,2,240,0,0,0.000000,-94,255_$GNGGA,205617.00,0438.09569,N,07404.10168,W,1,12,0.56,2597.8,M,4.7,M,,*50_
2,2,240,0,0,0.000000,-91,255_$GNGGA,205606.00,0438.09567,N,07404.10165,W,1,12,0.56,2597.4,M,4.7,M,,*5F_
2,2,240,0,0,0.000000,-91,255_$GNGGA,205555.00,0438.09563,N,07404.10154,W,1,12,0.60,2596.6,M,4.7,M,,*5A_
2,2,240,0,0,0.000000,-91,255_$GNGGA,205543.00,0438.09557,N,07404.10146,W,1,12,0.58,2595.8,M,4.7,M,,*5F_
2,2,240,0,0,0.000000,-91,255_$GNGGA,205531.00,0438.09553,N,07404.10148,W,1,12,0.60,2596.1,M,4.7,M,,*51_
2,2,240,0,0,0.000000,-92,255_$GNGGA,205519.00,0438.09549,N,07404.10150,W,1,12,0.58,2596.4,M,4.7,M,,*57_
2,2,240,0,0,0.000000,-90,255_$GNGGA,205507.00,0438.09550,N,07404.10147,W,1,12,0.59,2596.1,M,4.7,M,,*52_
2,2,240,0,0,0.000000,-94,255_$GNGGA,205456.00,0438.09552,N,07404.10128,W,1,12,0.57,2595.6,M,4.7,M,,*56_
2,2,240,0,0,0.000000,-89,255_$GNGGA,205445.00,0438.09556,N,07404.10112,W,1,12,0.58,2595.3,M,4.7,M,,*53_
2,2,240,0,0,0.000000,-92,255_$GNGGA,205434.00,0438.09558,N,07404.10108,W,1,12,0.58,2595.5,M,4.7,M,,*56_
2,2,240,0,0,0.000000,-92,255_$GNGGA,205422.00,0438.09563,N,07404.10122,W,1,12,0.57,2595.7,M,4.7,M,,*5C_
2,2,240,0,0,0.000000,-92,255_$GNGGA,205411.00,0438.09570,N,07404.10142,W,1,12,0.58,2595.7,M,4.7,M,,*57_
2,2,240,0,0,0.000000,-91,255_$GNGGA,205359.00,0438.09583,N,07404.10201,W,1,12,0.58,2596.3,M,4.7,M,,*53_
2,2,240,0,0,0.000000,-92,255_$GNGGA,205347.00,0438.09590,N,07404.10244,W,1,12,0.59,2596.2,M,4.7,M,,*5F_
2,2,240,0,0,0.000000,-91,255_$GNGGA,205336.00,0438.09582,N,07404.10252,W,1,12,0.57,2596.3,M,4.7,M,,*52_
2,2,240,0,0,0.000000,-89,255_$GNGGA,205325.00,0438.09573,N,07404.10245,W,1,12,0.57,2595.9,M,4.7,M,,*51_
2,2,240,0,0,0.000000,-84,255_$GNGGA,205314.00,0438.09575,N,07404.10233,W,1,12,0.57,2595.5,M,4.7,M,,*58_
2,2,240,0,0,0.000000,-94,255_$GNGGA,205302.00,0438.09565,N,07404.10216,W,1,12,0.59,2595.4,M,4.7,M,,*56_
2,2,240,0,0,0.000000,-90,255_$GNGGA,205250.00,0438.09568,N,07404.10215,W,1,12,0.55,2596.0,M,4.7,M,,*55_
2,2,240,0,0,0.000000,-94,255_$GNGGA,205238.00,0438.09569,N,07404.10226,W,1,12,0.58,2596.9,M,4.7,M,,*5E_
2,2,240,0,0,0.000000,-92,255_$GNGGA,205226.00,0438.09578,N,07404.10234,W,1,12,0.58,2597.4,M,4.7,M,,*5E_
2,2,240,0,0,0.000000,-91,255_$GNGGA,205215.00,0438.09584,N,07404.10230,W,1,12,0.57,2597.2,M,4.7,M,,*50_
2,2,240,0,0,0.000000,-94,255_$GNGGA,205204.00,0438.09580,N,07404.10218,W,1,12,0.56,2597.2,M,4.7,M,,*5F_
2,2,240,0,0,0.000000,-94,255_$GNGGA,205153.00,0438.09576,N,07404.10208,W,1,12,0.56,2596.8,M,4.7,M,,*5D_
2,2,240,0,0,0.000000,-94,255_$GNGGA,205141.00,0438.09574,N,07404.10202,W,1,12,0.55,2596.6,M,4.7,M,,*5B_
2,2,240,0,0,0.000000,-90,255_$GNGGA,205129.00,0438.09573,N,07404.10198,W,1,12,0.56,2596.9,M,4.7,M,,*5E_
2,2,240,0,0,0.000000,-91,255_$GNGGA,205117.00,0438.09577,N,07404.10203,W,1,12,0.55,2597.6,M,4.7,M,,*5B_
2,2,240,0,0,0.000000,-90,255_$GNGGA,205105.00,0438.09581,N,07404.10198,W,1,12,0.56,2597.9,M,4.7,M,,*5C_
2,2,240,0,0,0.000000,-91,255_$GNGGA,205054.00,0438.09579,N,07404.10201,W,1,12,0.56,2598.1,M,4.7,M,,*5A_
2,2,240,0,0,0.000000,-92,255_$GNGGA,205043.00,0438.09581,N,07404.10209,W,1,12,0.56,2598.4,M,4.7,M,,*56_
2,2,240,0,0,0.000000,-92,255_$GNGGA,205032.00,0438.09582,N,07404.10213,W,1,12,0.59,2598.5,M,4.7,M,,*56_
2,2,240,0,0,0.000000,-91,255_$GNGGA,205020.00,0438.09584,N,07404.10210,W,1,12,0.56,2597.9,M,4.7,M,,*5C_
2,2,240,0,0,0.000000,-94,255_$GNGGA,205009.00,0438.09578,N,07404.10199,W,1,12,0.56,2597.5,M,4.7,M,,*5A_
2,2,240,0,0,0.000000,-94,255_$GNGGA,204957.00,0438.09573,N,07404.10183,W,1,12,0.55,2597.2,M,4.7,M,,*5D_
2,2,240,0,0,0.000000,-90,255_$GNGGA,204945.00,0438.09573,N,07404.10170,W,1,12,0.56,2597.1,M,4.7,M,,*52_
2,2,240,0,0,0.000000,-90,255_$GNGGA,204934.00,0438.09570,N,07404.10173,W,1,12,0.56,2596.6,M,4.7,M,,*52_
2,2,240,0,0,0.000000,-92,255_$GNGGA,204923.00,0438.09570,N,07404.10173,W,1,12,0.56,2595.7,M,4.7,M,,*56_
2,2,240,0,0,0.000000,-91,255_$GNGGA,204912.00,0438.09566,N,07404.10165,W,1,12,0.55,2595.2,M,4.7,M,,*52_
2,2,240,0,0,0.000000,-92,255_$GNGGA,204900.00,0438.09563,N,07404.10165,W,1,12,0.55,2595.0,M,4.7,M,,*56_
2,2,240,0,0,0.000000,-94,255_$GNGGA,204848.00,0438.09567,N,07404.10175,W,1,12,0.55,2594.7,M,4.7,M,,*58_
2,2,240,0,0,0.000000,-88,255_$GNGGA,204836.00,0438.09570,N,07404.10184,W,1,12,0.57,2594.6,M,4.7,M,,*5A_
2,2,240,0,0,0.000000,-91,255_$GNGGA,204824.00,0438.09569,N,07404.10179,W,1,12,0.56,2594.1,M,4.7,M,,*55_
2,2,240,0,0,0.000000,-91,255_$GNGGA,204813.00,0438.09565,N,07404.10176,W,1,12,0.56,2593.7,M,4.7,M,,*53_
2,2,240,0,0,0.000000,-92,255_$GNGGA,204802.00,0438.09560,N,07404.10190,W,1,12,0.56,2593.4,M,4.7,M,,*5D_
2,2,240,0,0,0.000000,-92,255_$GNGGA,204751.00,0438.09566,N,07404.10212,W,1,12,0.56,2593.0,M,4.7,M,,*5F_
2,2,240,0,0,0.000000,-96,255_$GNGGA,204739.00,0438.09572,N,07404.10232,W,1,12,0.56,2592.9,M,4.7,M,,*5E_
2,2,240,0,0,0.000000,-91,255_$GNGGA,204728.00,0438.09574,N,07404.10245,W,1,12,0.56,2593.2,M,4.7,M,,*52_
2,2,240,0,0,0.000000,-92,255_$GNGGA,204716.00,0438.09581,N,07404.10265,W,1,12,0.56,2593.5,M,4.7,M,,*50_
2,2,240,0,0,0.000000,-17,255_$GNGGA,204704.00,0438.09590,N,07404.10286,W,1,12,0.56,2594.2,M,4.7,M,,*5E_
2,2,240,0,0,0.000000,-94,255_$GNGGA,204642.00,0438.09606,N,07404.10327,W,1,12,0.57,2594.5,M,4.7,M,,*5D_
2,2,240,0,0,0.000000,-92,255_$GNGGA,204619.00,0438.09614,N,07404.10331,W,1,12,0.56,2594.1,M,4.7,M,,*52_
2,2,240,0,0,0.000000,-17,255_$GNGGA,204539.00,0438.09617,N,07404.10280,W,1,12,0.57,2595.6,M,4.7,M,,*5C_
2,2,240,0,0,0.000000,-94,255_$GNGGA,204527.00,0438.09618,N,07404.10258,W,1,12,0.57,2595.8,M,4.7,M,,*57_
2,2,240,0,0,0.000000,-20,255_$GNGGA,204510.00,0438.09609,N,07404.10228,W,1,12,0.57,2596.2,M,4.7,M,,*5D_
2,2,240,0,0,0.000000,-91,255_$GNGGA,204458.00,0438.09604,N,07404.10202,W,1,12,0.61,2596.9,M,4.7,M,,*5B_
2,2,240,0,0,0.000000,-22,255_$GNGGA,204446.00,0438.09606,N,07404.10191,W,1,12,0.57,2597.3,M,4.7,M,,*51_
2,2,240,0,0,0.000000,-92,255_$GNGGA,204434.00,0438.09604,N,07404.10186,W,1,12,0.57,2597.5,M,4.7,M,,*56_
2,2,240,0,0,0.000000,-21,255_$GNGGA,204422.00,0438.09608,N,07404.10175,W,1,12,0.57,2597.9,M,4.7,M,,*5D_
2,2,240,0,0,0.000000,-95,255_$GNGGA,204411.00,0438.09606,N,07404.10163,W,1,12,0.58,2598.2,M,4.7,M,,*5F_
2,2,240,0,0,0.000000,-17,255_$GNGGA,204354.00,0438.09585,N,07404.10143,W,1,12,0.57,2598.4,M,4.7,M,,*5A_
2,2,240,0,0,0.000000,-16,255_$GNGGA,204335.00,0438.09560,N,07404.10130,W,1,12,0.59,2599.4,M,4.7,M,,*5D_
2,2,240,0,0,0.000000,-17,255_$GNGGA,204316.00,0438.09554,N,07404.10119,W,1,12,0.59,2600.2,M,4.7,M,,*55_
2,2,240,0,0,0.000000,-92,255_$GNGGA,204305.00,0438.09559,N,07404.10123,W,1,12,0.60,2600.5,M,4.7,M,,*5E_
2,2,240,0,0,0.000000,-19,255_$GNGGA,204244.00,0438.09574,N,07404.10113,W,1,12,0.58,2600.2,M,4.7,M,,*5A_
2,2,240,0,0,0.000000,-17,255_$GNGGA,204231.00,0438.09580,N,07404.10104,W,1,12,0.58,2600.0,M,4.7,M,,*57_
2,2,240,0,0,0.000000,-91,255_$GNGGA,204202.00,0438.09594,N,07404.10113,W,1,12,0.60,2599.4,M,4.7,M,,*58_
2,2,240,0,0,0.000000,-92,255_$GNGGA,204145.00,0438.09596,N,07404.10124,W,1,12,0.61,2598.8,M,4.7,M,,*52_
2,2,240,0,0,0.000000,-91,255_$GNGGA,204126.00,0438.09601,N,07404.10129,W,1,12,0.58,2598.7,M,4.7,M,,*52_
2,2,240,0,0,0.000000,-67,255_$GNGGA,204114.00,0438.09612,N,07404.10139,W,1,12,0.58,2598.8,M,4.7,M,,*5F_
2,2,240,0,0,0.000000,-17,255_$GNGGA,204057.00,0438.09617,N,07404.10150,W,1,12,0.58,2598.5,M,4.7,M,,*5E_
2,2,240,0,0,0.000000,-16,255_$GNGGA,204038.00,0438.09613,N,07404.10162,W,1,12,0.57,2598.1,M,4.7,M,,*59_
2,2,240,0,0,0.000000,-92,255_$GNGGA,204027.00,0438.09611,N,07404.10163,W,1,12,0.57,2597.7,M,4.7,M,,*5D_
2,2,240,0,0,0.000000,-17,255_$GNGGA,204015.00,0438.09605,N,07404.10157,W,1,12,0.57,2597.2,M,4.7,M,,*5B_
2,2,240,0,0,0.000000,-17,255_$GNGGA,203958.00,0438.09595,N,07404.10138,W,1,12,0.59,2596.5,M,4.7,M,,*57_
2,2,240,0,0,0.000000,-91,255_$GNGGA,203947.00,0438.09592,N,07404.10130,W,1,12,0.57,2596.1,M,4.7,M,,*5C_
2,2,240,0,0,0.000000,-16,255_$GNGGA,203935.00,0438.09586,N,07404.10125,W,1,12,0.58,2595.6,M,4.7,M,,*53_
2,2,240,0,0,0.000000,-25,255_$GNGGA,203918.00,0438.09582,N,07404.10133,W,1,12,0.58,2595.8,M,4.7,M,,*51_
2,2,240,0,0,0.000000,-92,255_$GNGGA,203907.00,0438.09577,N,07404.10127,W,1,12,0.58,2595.9,M,4.7,M,,*51_
2,2,240,0,0,0.000000,-91,255_$GNGGA,203855.00,0438.09577,N,07404.10137,W,1,12,0.57,2595.7,M,4.7,M,,*57_
2,2,240,0,0,0.000000,-92,255_$GNGGA,203843.00,0438.09577,N,07404.10144,W,1,12,0.57,2595.4,M,4.7,M,,*57_
2,2,240,0,0,0.000000,-91,255_$GNGGA,203831.00,0438.09582,N,07404.10149,W,1,12,0.57,2595.2,M,4.7,M,,*53_
2,2,240,0,0,0.000000,-92,255_$GNGGA,203820.00,0438.09591,N,07404.10158,W,1,12,0.58,2594.9,M,4.7,M,,*54_
2,2,240,0,0,0.000000,-18,255_$GNGGA,203809.00,0438.09597,N,07404.10171,W,1,12,0.57,2594.8,M,4.7,M,,*5C_
2,2,240,0,0,0.000000,-91,255_$GNGGA,203758.00,0438.09598,N,07404.10179,W,1,12,0.57,2594.4,M,4.7,M,,*5C_
2,2,240,0,0,0.000000,-17,255_$GNGGA,203747.00,0438.09599,N,07404.10185,W,1,12,0.57,2593.6,M,4.7,M,,*55_
2,2,240,0,0,0.000000,-18,255_$GNGGA,203730.00,0438.09596,N,07404.10206,W,1,12,0.57,2592.0,M,4.7,M,,*55_
2,2,240,0,0,0.000000,-96,255_$GNGGA,203719.00,0438.09593,N,07404.10214,W,1,12,0.57,2591.1,M,4.7,M,,*5A_
2,2,240,0,0,0.000000,-92,255_$GNGGA,203707.00,0438.09592,N,07404.10212,W,1,12,0.56,2590.8,M,4.7,M,,*5B_
2,2,240,0,0,0.000000,-90,255_$GNGGA,203656.00,0438.09587,N,07404.10211,W,1,12,0.56,2590.9,M,4.7,M,,*58_
2,2,240,0,0,0.000000,-91,255_$GNGGA,203644.00,0438.09583,N,07404.10219,W,1,12,0.56,2591.3,M,4.7,M,,*5C_
2,2,240,0,0,0.000000,-91,255_$GNGGA,203632.00,0438.09578,N,07404.10236,W,1,12,0.57,2592.0,M,4.7,M,,*55_
2,2,240,0,0,0.000000,-90,255_$GNGGA,203621.00,0438.09572,N,07404.10247,W,1,12,0.56,2593.1,M,4.7,M,,*5A_
2,2,240,0,0,0.000000,-92,255_$GNGGA,203610.00,0438.09563,N,07404.10254,W,1,12,0.56,2594.5,M,4.7,M,,*59_
2,2,240,0,0,0.000000,-92,255_$GNGGA,203559.00,0438.09559,N,07404.10243,W,1,12,0.56,2595.6,M,4.7,M,,*5A_
2,2,240,0,0,0.000000,-91,255_$GNGGA,203547.00,0438.09569,N,07404.10248,W,1,12,0.57,2595.5,M,4.7,M,,*5F_
2,2,240,0,0,0.000000,-92,255_$GNGGA,203536.00,0438.09580,N,07404.10247,W,1,12,0.56,2595.3,M,4.7,M,,*56_
2,2,240,0,0,0.000000,-92,255_$GNGGA,203524.00,0438.09589,N,07404.10229,W,1,12,0.56,2594.4,M,4.7,M,,*52_
2,2,240,0,0,0.000000,-92,255_$GNGGA,203513.00,0438.09593,N,07404.10206,W,1,12,0.56,2593.4,M,4.7,M,,*57_
2,2,240,0,0,0.000000,-21,255_$GNGGA,203502.00,0438.09595,N,07404.10189,W,1,12,0.60,2592.6,M,4.7,M,,*53_
2,2,240,0,0,0.000000,-91,255_$GNGGA,203451.00,0438.09594,N,07404.10184,W,1,12,0.61,2592.9,M,4.7,M,,*56_
2,2,240,0,0,0.000000,-20,255_$GNGGA,203439.00,0438.09594,N,07404.10212,W,1,12,0.61,2594.6,M,4.7,M,,*5D_
2,2,240,0,0,0.000000,-22,255_$GNGGA,203422.00,0438.09594,N,07404.10257,W,1,12,0.61,2596.4,M,4.7,M,,*56_
2,2,240,0,0,0.000000,-92,255_$GNGGA,203411.00,0438.09590,N,07404.10261,W,1,12,0.64,2596.9,M,4.7,M,,*5F_
2,2,240,0,0,0.000000,-17,255_$GNGGA,203359.00,0438.09588,N,07404.10263,W,1,12,0.60,2597.0,M,4.7,M,,*53_
2,2,240,0,0,0.000000,-17,255_$GNGGA,203342.00,0438.09583,N,07404.10263,W,1,12,0.61,2596.6,M,4.7,M,,*54_
2,2,240,0,0,0.000000,-92,255_$GNGGA,203331.00,0438.09584,N,07404.10273,W,1,12,0.60,2596.0,M,4.7,M,,*51_
2,2,240,0,0,0.000000,-91,255_$GNGGA,203319.00,0438.09585,N,07404.10295,W,1,12,0.59,2595.9,M,4.7,M,,*52_
2,2,240,0,0,0.000000,-91,255_$GNGGA,203307.00,0438.09596,N,07404.10324,W,1,12,0.59,2595.9,M,4.7,M,,*54_
2,2,240,0,0,0.000000,-91,255_$GNGGA,203255.00,0438.09612,N,07404.10363,W,1,12,0.59,2595.5,M,4.7,M,,*52_
2,2,240,0,0,0.000000,-92,255_$GNGGA,203244.00,0438.09630,N,07404.10391,W,1,12,0.59,2595.5,M,4.7,M,,*5F_
2,2,240,0,0,0.000000,-17,255_$GNGGA,203233.00,0438.09640,N,07404.10408,W,1,12,0.59,2595.8,M,4.7,M,,*52_
2,2,240,0,0,0.000000,-92,255_$GNGGA,203222.00,0438.09652,N,07404.10425,W,1,12,0.59,2595.8,M,4.7,M,,*5E_
2,2,240,0,0,0.000000,-16,255_$GNGGA,203211.00,0438.09659,N,07404.10443,W,1,12,0.59,2595.2,M,4.7,M,,*5F_
2,2,240,0,0,0.000000,-17,255_$GNGGA,203154.00,0438.09675,N,07404.10459,W,1,12,0.59,2594.4,M,4.7,M,,*5F_
2,2,240,0,0,0.000000,-94,255_$GNGGA,203143.00,0438.09682,N,07404.10474,W,1,12,0.59,2593.9,M,4.7,M,,*54_
2,2,240,0,0,0.000000,-17,255_$GNGGA,203131.00,0438.09686,N,07404.10488,W,1,12,0.59,2593.8,M,4.7,M,,*57_
2,2,240,0,0,0.000000,-20,255_$GNGGA,203114.00,0438.09676,N,07404.10483,W,1,12,0.61,2594.4,M,4.7,M,,*54_
2,2,240,0,0,0.000000,-94,255_$GNGGA,203103.00,0438.09667,N,07404.10470,W,1,12,0.61,2594.7,M,4.7,M,,*5D_
2,2,240,0,0,0.000000,-92,255_$GNGGA,203051.00,0438.09657,N,07404.10449,W,1,12,0.59,2594.9,M,4.7,M,,*57_
2,2,240,0,0,0.000000,-89,255_$GNGGA,203040.00,0438.09654,N,07404.10428,W,1,12,0.59,2595.3,M,4.7,M,,*58_
2,2,240,0,0,0.000000,-94,255_$GNGGA,203028.00,0438.09652,N,07404.10416,W,1,12,0.59,2595.8,M,4.7,M,,*56_
2,2,240,0,0,0.000000,-92,255_$GNGGA,203016.00,0438.09660,N,07404.10409,W,1,12,0.60,2596.1,M,4.7,M,,*54_
2,2,240,0,0,0.000000,-18,255_$GNGGA,203005.00,0438.09660,N,07404.10388,W,1,12,0.59,2596.3,M,4.7,M,,*50_
2,2,240,0,0,0.000000,-94,255_$GNGGA,202954.00,0438.09648,N,07404.10353,W,1,12,0.59,2596.1,M,4.7,M,,*52_
2,2,240,0,0,0.000000,-20,255_$GNGGA,202943.00,0438.09634,N,07404.10317,W,1,12,0.58,2595.9,M,4.7,M,,*55_
2,2,240,0,0,0.000000,-16,255_$GNGGA,202926.00,0438.09626,N,07404.10299,W,1,12,0.58,2595.6,M,4.7,M,,*5D_
2,2,240,0,0,0.000000,-82,255_$GNGGA,202915.00,0438.09624,N,07404.10303,W,1,12,0.58,2595.3,M,4.7,M,,*58_
2,2,240,0,0,0.000000,-34,255_$GNGGA,202903.00,0438.09626,N,07404.10302,W,1,12,0.60,2595.3,M,4.7,M,,*57_
2,2,240,0,0,0.000000,-19,255_$GNGGA,202846.00,0438.09629,N,07404.10293,W,1,12,0.58,2596.0,M,4.7,M,,*5A_
2,2,240,0,0,0.000000,-90,255_$GNGGA,202835.00,0438.09626,N,07404.10268,W,1,12,0.58,2596.8,M,4.7,M,,*5D_
2,2,240,0,0,0.000000,-21,255_$GNGGA,202823.00,0438.09633,N,07404.10243,W,1,12,0.58,2596.8,M,4.7,M,,*57_
2,2,240,0,0,0.000000,-19,255_$GNGGA,202806.00,0438.09643,N,07404.10227,W,1,12,0.58,2596.2,M,4.7,M,,*5F_
2,2,240,0,0,0.000000,-92,255_$GNGGA,202755.00,0438.09638,N,07404.10211,W,1,12,0.58,2596.0,M,4.7,M,,*5D_
2,2,240,0,0,0.000000,-92,255_$GNGGA,202743.00,0438.09628,N,07404.10196,W,1,12,0.57,2595.4,M,4.7,M,,*5F_
2,2,240,0,0,0.000000,-94,255_$GNGGA,202731.00,0438.09627,N,07404.10199,W,1,12,0.59,2595.6,M,4.7,M,,*56_
2,2,240,0,0,0.000000,-94,255_$GNGGA,202719.00,0438.09624,N,07404.10205,W,1,12,0.59,2596.5,M,4.7,M,,*59_
2,2,240,0,0,0.000000,-90,255_$GNGGA,202708.00,0438.09620,N,07404.10203,W,1,12,0.57,2597.5,M,4.7,M,,*54_
2,2,240,0,0,0.000000,-19,255_$GNGGA,202657.00,0438.09616,N,07404.10195,W,1,12,0.57,2597.8,M,4.7,M,,*5B_
2,2,240,0,0,0.000000,-92,255_$GNGGA,202646.00,0438.09611,N,07404.10182,W,1,12,0.57,2597.4,M,4.7,M,,*56_
2,2,240,0,0,0.000000,-22,255_$GNGGA,202635.00,0438.09608,N,07404.10172,W,1,12,0.59,2596.8,M,4.7,M,,*56_
2,2,240,0,0,0.000000,-16,255_$GNGGA,202618.00,0438.09608,N,07404.10175,W,1,12,0.58,2596.4,M,4.7,M,,*53_
2,2,240,0,0,0.000000,-92,255_$GNGGA,202607.00,0438.09608,N,07404.10181,W,1,12,0.58,2596.0,M,4.7,M,,*52_
2,2,240,0,0,0.000000,-22,255_$GNGGA,202555.00,0438.09605,N,07404.10165,W,1,12,0.58,2595.6,M,4.7,M,,*54_
2,2,240,0,0,0.000000,-17,255_$GNGGA,202538.00,0438.09609,N,07404.10161,W,1,12,0.58,2595.2,M,4.7,M,,*53_
2,2,240,0,0,0.000000,-90,255_$GNGGA,202527.00,0438.09617,N,07404.10177,W,1,12,0.57,2595.5,M,4.7,M,,*5D_
2,2,240,0,0,0.000000,-92,255_$GNGGA,202515.00,0438.09629,N,07404.10204,W,1,12,0.57,2595.5,M,4.7,M,,*56_
2,2,240,0,0,0.000000,-90,255_$GNGGA,202504.00,0438.09637,N,07404.10222,W,1,12,0.57,2595.6,M,4.7,M,,*5E_
2,2,240,0,0,0.000000,-91,255_$GNGGA,202452.00,0438.09638,N,07404.10224,W,1,12,0.57,2596.1,M,4.7,M,,*51_
2,2,240,0,0,0.000000,-90,255_$GNGGA,202440.00,0438.09638,N,07404.10217,W,1,12,0.57,2596.9,M,4.7,M,,*5A_
2,2,240,0,0,0.000000,-16,255_$GNGGA,202429.00,0438.09639,N,07404.10227,W,1,12,0.57,2597.2,M,4.7,M,,*5D_
2,2,240,0,0,0.000000,-92,255_$GNGGA,202418.00,0438.09642,N,07404.10247,W,1,12,0.57,2597.2,M,4.7,M,,*55_
2,2,240,0,0,0.000000,-17,255_$GNGGA,202407.00,0438.09649,N,07404.10275,W,1,12,0.57,2597.4,M,4.7,M,,*57_
2,2,240,0,0,0.000000,-17,255_$GNGGA,202350.00,0438.09655,N,07404.10310,W,1,12,0.58,2597.2,M,4.7,M,,*54_
2,2,240,0,0,0.000000,-88,255_$GNGGA,202339.00,0438.09653,N,07404.10314,W,1,12,0.57,2596.8,M,4.7,M,,*5D_
2,2,240,0,0,0.000000,-17,255_$GNGGA,202327.00,0438.09640,N,07404.10300,W,1,12,0.57,2596.6,M,4.7,M,,*5B_
2,2,240,0,0,0.000000,-17,255_$GNGGA,202310.00,0438.09614,N,07404.10285,W,1,12,0.57,2596.6,M,4.7,M,,*52_
2,2,240,0,0,0.000000,-94,255_$GNGGA,202259.00,0438.09593,N,07404.10274,W,1,12,0.57,2596.4,M,4.7,M,,*5E_
2,2,240,0,0,0.000000,-94,255_$GNGGA,202247.00,0438.09578,N,07404.10258,W,1,12,0.57,2596.0,M,4.7,M,,*5E_
2,2,240,0,0,0.000000,-89,255_$GNGGA,202236.00,0438.09564,N,07404.10253,W,1,12,0.57,2595.7,M,4.7,M,,*5A_
2,2,240,0,0,0.000000,-92,255_$GNGGA,202224.00,0438.09548,N,07404.10236,W,1,12,0.57,2595.8,M,4.7,M,,*5B_
2,2,240,0,0,0.000000,-92,255_$GNGGA,202212.00,0438.09543,N,07404.10228,W,1,12,0.57,2596.1,M,4.7,M,,*50_
2,2,240,0,0,0.000000,-90,255_$GNGGA,202201.00,0438.09545,N,07404.10230,W,1,12,0.57,2595.9,M,4.7,M,,*56_
2,2,240,0,0,0.000000,-92,255_$GNGGA,202150.00,0438.09545,N,07404.10234,W,1,12,0.58,2595.8,M,4.7,M,,*5B_
2,2,240,0,0,0.000000,-92,255_$GNGGA,202139.00,0438.09539,N,07404.10228,W,1,12,0.57,2595.3,M,4.7,M,,*56_
2,2,240,0,0,0.000000,-92,255_$GNGGA,202127.00,0438.09538,N,07404.10250,W,1,12,0.57,2595.2,M,4.7,M,,*56_
2,2,240,0,0,0.000000,-85,255_$GNGGA,202115.00,0438.09540,N,07404.10257,W,1,12,0.57,2595.5,M,4.7,M,,*58_
2,2,240,0,0,0.000000,-94,255_$GNGGA,202103.00,0438.09535,N,07404.10244,W,1,12,0.57,2594.9,M,4.7,M,,*52_
2,2,240,0,0,0.000000,-90,255_$GNGGA,202052.00,0438.09536,N,07404.10238,W,1,12,0.57,2594.0,M,4.7,M,,*56_
2,2,240,0,0,0.000000,-17,255_$GNGGA,202041.00,0438.09536,N,07404.10241,W,1,12,0.57,2594.1,M,4.7,M,,*5B_
2,2,240,0,0,0.000000,-17,255_$GNGGA,202024.00,0438.09541,N,07404.10260,W,1,12,0.56,2594.3,M,4.7,M,,*58_
2,2,240,0,0,0.000000,-91,255_$GNGGA,202013.00,0438.09552,N,07404.10288,W,1,12,0.56,2594.0,M,4.7,M,,*5B_
2,2,240,0,0,0.000000,-92,255_$GNGGA,202002.00,0438.09558,N,07404.10299,W,1,12,0.56,2593.7,M,4.7,M,,*51_
2,2,240,0,0,0.000000,-90,255_$GNGGA,201951.00,0438.09557,N,07404.10301,W,1,12,0.56,2593.4,M,4.7,M,,*51_
2,2,240,0,0,0.000000,-21,255_$GNGGA,201939.00,0438.09557,N,07404.10311,W,1,12,0.56,2593.0,M,4.7,M,,*5A_
2,2,240,0,0,0.000000,-17,255_$GNGGA,201922.00,0438.09568,N,07404.10355,W,1,12,0.57,2591.9,M,4.7,M,,*56_
2,2,240,0,0,0.000000,-92,255_$GNGGA,201911.00,0438.09579,N,07404.10393,W,1,12,0.57,2590.5,M,4.7,M,,*51_
2,2,240,0,0,0.000000,-92,255_$GNGGA,201859.00,0438.09583,N,07404.10432,W,1,12,0.56,2589.5,M,4.7,M,,*5C_
2,2,240,0,0,0.000000,-94,255_$GNGGA,201847.00,0438.09580,N,07404.10442,W,1,12,0.57,2588.9,M,4.7,M,,*5B_
2,2,240,0,0,0.000000,-91,255_$GNGGA,201835.00,0438.09575,N,07404.10428,W,1,12,0.56,2588.5,M,4.7,M,,*55_
2,2,240,0,0,0.000000,-89,255_$GNGGA,201824.00,0438.09566,N,07404.10405,W,1,12,0.56,2588.3,M,4.7,M,,*5E_
2,2,240,0,0,0.000000,-21,255_$GNGGA,201813.00,0438.09558,N,07404.10385,W,1,12,0.56,2588.4,M,4.7,M,,*5F_
2,2,240,0,0,0.000000,-90,255_$GNGGA,201802.00,0438.09548,N,07404.10359,W,1,12,0.56,2589.0,M,4.7,M,,*5A_
2,2,240,0,0,0.000000,-17,255_$GNGGA,201751.00,0438.09539,N,07404.10335,W,1,12,0.57,2589.7,M,4.7,M,,*59_
2,2,240,0,0,0.000000,-89,255_$GNGGA,201739.00,0438.09533,N,07404.10313,W,1,12,0.56,2590.0,M,4.7,M,,*57_
2,2,240,0,0,0.000000,-92,255_$GNGGA,201728.00,0438.09529,N,07404.10305,W,1,12,0.56,2590.1,M,4.7,M,,*5A_
2,2,240,0,0,0.000000,-91,255_$GNGGA,201716.00,0438.09524,N,07404.10316,W,1,12,0.56,2590.9,M,4.7,M,,*50_
2,2,240,0,0,0.000000,-92,255_$GNGGA,201705.00,0438.09520,N,07404.10321,W,1,12,0.56,2591.9,M,4.7,M,,*53_
2,2,240,0,0,0.000000,-96,255_$GNGGA,201654.00,0438.09521,N,07404.10319,W,1,12,0.56,2592.3,M,4.7,M,,*55_
2,2,240,0,0,0.000000,-91,255_$GNGGA,201643.00,0438.09527,N,07404.10304,W,1,12,0.56,2592.6,M,4.7,M,,*5C_
2,2,240,0,0,0.000000,-90,255_$GNGGA,201631.00,0438.09531,N,07404.10271,W,1,12,0.56,2592.6,M,4.7,M,,*5D_
2,2,240,0,0,0.000000,-91,255_$GNGGA,201619.00,0438.09545,N,07404.10266,W,1,12,0.57,2592.4,M,4.7,M,,*51_
2,2,240,0,0,0.000000,-92,255_$GNGGA,201607.00,0438.09560,N,07404.10270,W,1,12,0.57,2591.8,M,4.7,M,,*51_
2,2,240,0,0,0.000000,-92,255_$GNGGA,201555.00,0438.09572,N,07404.10272,W,1,12,0.56,2591.4,M,4.7,M,,*59_
2,2,240,0,0,0.000000,-91,255_$GNGGA,201544.00,0438.09577,N,07404.10265,W,1,12,0.56,2591.1,M,4.7,M,,*5F_
2,2,240,0,0,0.000000,-91,255_$GNGGA,201533.00,0438.09581,N,07404.10266,W,1,12,0.57,2591.2,M,4.7,M,,*57_
2,2,240,0,0,0.000000,-94,255_$GNGGA,201522.00,0438.09582,N,07404.10266,W,1,12,0.57,2591.3,M,4.7,M,,*55_
2,2,240,0,0,0.000000,-90,255_$GNGGA,201510.00,0438.09580,N,07404.10280,W,1,12,0.56,2591.4,M,4.7,M,,*58_
2,2,240,0,0,0.000000,-84,255_$GNGGA,201459.00,0438.09580,N,07404.10295,W,1,12,0.57,2591.5,M,4.7,M,,*50_
2,2,240,0,0,0.000000,-83,255_$GNGGA,201447.00,0438.09576,N,07404.10308,W,1,12,0.57,2591.8,M,4.7,M,,*5E_
2,2,240,0,0,0.000000,-84,255_$GNGGA,201435.00,0438.09569,N,07404.10316,W,1,12,0.57,2591.9,M,4.7,M,,*5B_
2,2,240,0,0,0.000000,-83,255_$GNGGA,201424.00,0438.09573,N,07404.10332,W,1,12,0.57,2591.9,M,4.7,M,,*56_
2,2,240,0,0,0.000000,-94,255_$GNGGA,201413.00,0438.09583,N,07404.10341,W,1,12,0.57,2592.0,M,4.7,M,,*53_
2,2,240,0,0,0.000000,-91,255_$GNGGA,201402.00,0438.09595,N,07404.10334,W,1,12,0.57,2592.0,M,4.7,M,,*56_
2,2,240,0,0,0.000000,-83,255_$GNGGA,201350.00,0438.09607,N,07404.10312,W,1,12,0.56,2591.9,M,4.7,M,,*51_
2,2,240,0,0,0.000000,-89,255_$GNGGA,201338.00,0438.09615,N,07404.10297,W,1,12,0.56,2591.9,M,4.7,M,,*50_
2,2,240,0,0,0.000000,-96,255_$GNGGA,201326.00,0438.09619,N,07404.10285,W,1,12,0.56,2591.8,M,4.7,M,,*51_
2,2,240,0,0,0.000000,-82,255_$GNGGA,201314.00,0438.09619,N,07404.10270,W,1,12,0.56,2591.6,M,4.7,M,,*54_
2,2,240,0,0,0.000000,-91,255_$GNGGA,201303.00,0438.09617,N,07404.10262,W,1,12,0.56,2591.6,M,4.7,M,,*5F_
2,2,240,0,0,0.000000,-92,255_$GNGGA,201252.00,0438.09618,N,07404.10254,W,1,12,0.56,2591.7,M,4.7,M,,*51_
2,2,240,0,0,0.000000,-90,255_$GNGGA,201241.00,0438.09618,N,07404.10252,W,1,12,0.56,2591.8,M,4.7,M,,*5A_
2,2,240,0,0,0.000000,-92,255_$GNGGA,201229.00,0438.09616,N,07404.10255,W,1,12,0.56,2592.1,M,4.7,M,,*57_
2,2,240,0,0,0.000000,-93,255_$GNGGA,201218.00,0438.09619,N,07404.10264,W,1,12,0.56,2592.5,M,4.7,M,,*5C_
2,2,240,0,0,0.000000,-92,255_$GNGGA,201206.00,0438.09622,N,07404.10283,W,1,12,0.57,2593.1,M,4.7,M,,*56_
2,2,240,0,0,0.000000,-90,255_$GNGGA,201154.00,0438.09618,N,07404.10287,W,1,12,0.57,2593.6,M,4.7,M,,*58_
2,2,240,0,0,0.000000,-22,255_$GNGGA,201143.00,0438.09605,N,07404.10285,W,1,12,0.57,2594.0,M,4.7,M,,*51_
2,2,240,0,0,0.000000,-94,255_$GNGGA,201132.00,0438.09591,N,07404.10281,W,1,12,0.56,2594.1,M,4.7,M,,*5D_
2,2,240,0,0,0.000000,-18,255_$GNGGA,201121.00,0438.09573,N,07404.10277,W,1,12,0.56,2594.3,M,4.7,M,,*58_
2,2,240,0,0,0.000000,-17,255_$GNGGA,201104.00,0438.09564,N,07404.10308,W,1,12,0.57,2594.4,M,4.7,M,,*56_
2,2,240,0,0,0.000000,-90,255_$GNGGA,201053.00,0438.09571,N,07404.10341,W,1,12,0.57,2594.1,M,4.7,M,,*59_
2,2,240,0,0,0.000000,-17,255_$GNGGA,201041.00,0438.09575,N,07404.10363,W,1,12,0.57,2593.5,M,4.7,M,,*5D_
2,2,240,0,0,0.000000,-17,255_$GNGGA,201024.00,0438.09585,N,07404.10408,W,1,12,0.57,2593.2,M,4.7,M,,*5C_
2,2,240,0,0,0.000000,-92,255_$GNGGA,201013.00,0438.09589,N,07404.10436,W,1,12,0.56,2593.7,M,4.7,M,,*5D_
2,2,240,0,0,0.000000,-20,255_$GNGGA,201001.00,0438.09591,N,07404.10456,W,1,12,0.56,2594.2,M,4.7,M,,*53_
2,2,240,0,0,0.000000,-18,255_$GNGGA,200944.00,0438.09591,N,07404.10491,W,1,12,0.57,2595.2,M,4.7,M,,*51_
2,2,240,0,0,0.000000,-90,255_$GNGGA,200933.00,0438.09592,N,07404.10520,W,1,12,0.59,2595.6,M,4.7,M,,*53_
2,2,240,0,0,0.000000,-92,255_$GNGGA,200921.00,0438.09594,N,07404.10534,W,1,12,0.56,2595.6,M,4.7,M,,*5C_
2,2,240,0,0,0.000000,-91,255_$GNGGA,200909.00,0438.09602,N,07404.10548,W,1,12,0.56,2595.3,M,4.7,M,,*54_
2,2,240,0,0,0.000000,-91,255_$GNGGA,200857.00,0438.09608,N,07404.10563,W,1,12,0.56,2595.2,M,4.7,M,,*5C_
2,2,240,0,0,0.000000,-92,255_$GNGGA,200846.00,0438.09617,N,07404.10568,W,1,12,0.57,2595.2,M,4.7,M,,*58_
2,2,240,0,0,0.000000,-19,255_$GNGGA,200835.00,0438.09628,N,07404.10565,W,1,12,0.56,2595.4,M,4.7,M,,*5A_
2,2,240,0,0,0.000000,-94,255_$GNGGA,200824.00,0438.09633,N,07404.10560,W,1,12,0.56,2596.0,M,4.7,M,,*52_
2,2,240,0,0,0.000000,-17,255_$GNGGA,200813.00,0438.09634,N,07404.10548,W,1,12,0.57,2596.2,M,4.7,M,,*58_
2,2,240,0,0,0.000000,-24,255_$GNGGA,200756.00,0438.09633,N,07404.10525,W,1,12,0.56,2595.7,M,4.7,M,,*5D_
2,2,240,0,0,0.000000,-89,255_$GNGGA,200745.00,0438.09623,N,07404.10492,W,1,12,0.56,2595.1,M,4.7,M,,*55_
2,2,240,0,0,0.000000,-90,255_$GNGGA,200733.00,0438.09603,N,07404.10434,W,1,12,0.56,2594.3,M,4.7,M,,*59_
2,2,240,0,0,0.000000,-96,255_$GNGGA,200722.00,0438.09575,N,07404.10352,W,1,12,0.56,2593.6,M,4.7,M,,*5E_
2,2,240,0,0,0.000000,-91,255_$GNGGA,200710.00,0438.09552,N,07404.10295,W,1,12,0.57,2593.2,M,4.7,M,,*55_
2,2,240,0,0,0.000000,-92,255_$GNGGA,200659.00,0438.09538,N,07404.10263,W,1,12,0.58,2592.9,M,4.7,M,,*59_
2,2,240,0,0,0.000000,-91,255_$GNGGA,200648.00,0438.09523,N,07404.10221,W,1,12,0.56,2592.8,M,4.7,M,,*5A_
2,2,240,0,0,0.000000,-25,255_$GNGGA,200637.00,0438.09513,N,07404.10191,W,1,12,0.60,2592.7,M,4.7,M,,*53_
2,2,240,0,0,0.000000,-18,255_$GNGGA,200620.00,0438.09504,N,07404.10189,W,1,12,0.59,2593.1,M,4.7,M,,*57_
2,2,240,0,0,0.000000,-90,255_$GNGGA,200609.00,0438.09505,N,07404.10208,W,1,12,0.59,2593.5,M,4.7,M,,*53_
2,2,240,0,0,0.000000,-92,255_$GNGGA,200558.00,0438.09506,N,07404.10231,W,1,12,0.56,2593.8,M,4.7,M,,*5F_
2,2,240,0,0,0.000000,-91,255_$GNGGA,200546.00,0438.09502,N,07404.10241,W,1,12,0.56,2593.8,M,4.7,M,,*53_
2,2,240,0,0,0.000000,-91,255_$GNGGA,200534.00,0438.09495,N,07404.10239,W,1,12,0.56,2593.7,M,4.7,M,,*59_
2,2,240,0,0,0.000000,-91,255_$GNGGA,200522.00,0438.09497,N,07404.10243,W,1,12,0.56,2593.8,M,4.7,M,,*5E_
2,2,240,0,0,0.000000,-89,255_$GNGGA,200510.00,0438.09495,N,07404.10257,W,1,12,0.56,2594.0,M,4.7,M,,*57_
2,2,240,0,0,0.000000,-92,255_$GNGGA,200459.00,0438.09490,N,07404.10266,W,1,12,0.58,2594.3,M,4.7,M,,*51_
2,2,240,0,0,0.000000,-92,255_$GNGGA,200448.00,0438.09499,N,07404.10259,W,1,12,0.57,2594.0,M,4.7,M,,*58_
2,2,240,0,0,0.000000,-91,255_$GNGGA,200437.00,0438.09508,N,07404.10280,W,1,12,0.55,2594.1,M,4.7,M,,*5E_
2,2,240,0,0,0.000000,-94,255_$GNGGA,200425.00,0438.09516,N,07404.10316,W,1,12,0.55,2594.3,M,4.7,M,,*5E_
2,2,240,0,0,0.000000,-91,255_$GNGGA,200414.00,0438.09522,N,07404.10346,W,1,12,0.57,2594.4,M,4.7,M,,*5B_
2,2,240,0,0,0.000000,-94,255_$GNGGA,200402.00,0438.09521,N,07404.10359,W,1,12,0.56,2594.2,M,4.7,M,,*56_
2,2,240,0,0,0.000000,-92,255_$GNGGA,200350.00,0438.09509,N,07404.10341,W,1,12,0.55,2594.2,M,4.7,M,,*56_
2,2,240,0,0,0.000000,-91,255_$GNGGA,200339.00,0438.09504,N,07404.10338,W,1,12,0.57,2594.4,M,4.7,M,,*5E_
2,2,240,0,0,0.000000,-91,255_$GNGGA,200328.00,0438.09504,N,07404.10348,W,1,12,0.57,2594.8,M,4.7,M,,*55_
2,2,240,0,0,0.000000,-19,255_$GNGGA,200317.00,0438.09502,N,07404.10364,W,1,12,0.55,2595.5,M,4.7,M,,*5F_
2,2,240,0,0,0.000000,-92,255_$GNGGA,200305.00,0438.09498,N,07404.10379,W,1,12,0.55,2596.3,M,4.7,M,,*57_
2,2,240,0,0,0.000000,-17,255_$GNGGA,200254.00,0438.09498,N,07404.10374,W,1,12,0.58,2596.7,M,4.7,M,,*56_
2,2,240,0,0,0.000000,-90,255_$GNGGA,200242.00,0438.09496,N,07404.10349,W,1,12,0.58,2596.8,M,4.7,M,,*5E_
2,2,240,0,0,0.000000,-92,255_$GNGGA,200231.00,0438.09497,N,07404.10315,W,1,12,0.58,2596.6,M,4.7,M,,*5C_
2,2,240,0,0,0.000000,-89,255_$GNGGA,200220.00,0438.09493,N,07404.10279,W,1,12,0.58,2596.3,M,4.7,M,,*56_
2,2,240,0,0,0.000000,-91,255_$GNGGA,200209.00,0438.09488,N,07404.10269,W,1,12,0.58,2596.3,M,4.7,M,,*56_
2,2,240,0,0,0.000000,-17,255_$GNGGA,200157.00,0438.09488,N,07404.10280,W,1,12,0.58,2596.5,M,4.7,M,,*5F_
2,2,240,0,0,0.000000,-24,255_$GNGGA,200140.00,0438.09485,N,07404.10258,W,1,12,0.58,2596.7,M,4.7,M,,*53_
2,2,240,0,0,0.000000,-91,255_$GNGGA,200129.00,0438.09484,N,07404.10242,W,1,12,0.55,2597.1,M,4.7,M,,*5C_
2,2,240,0,0,0.000000,-26,255_$GNGGA,200117.00,0438.09492,N,07404.10218,W,1,12,0.58,2597.0,M,4.7,M,,*55_
2,2,240,0,0,0.000000,-28,255_$GNGGA,200100.00,0438.09510,N,07404.10217,W,1,12,0.55,2597.0,M,4.7,M,,*5A_
2,2,240,0,0,0.000000,-91,255_$GNGGA,200049.00,0438.09526,N,07404.10238,W,1,12,0.57,2597.4,M,4.7,M,,*58_
2,2,240,0,0,0.000000,-92,255_$GNGGA,200037.00,0438.09543,N,07404.10276,W,1,12,0.60,2597.8,M,4.7,M,,*50_
2,2,240,0,0,0.000000,-92,255_$GNGGA,200025.00,0438.09556,N,07404.10294,W,1,12,0.57,2598.2,M,4.7,M,,*5A_
2,2,240,0,0,0.000000,-94,255_$GNGGA,200013.00,0438.09562,N,07404.10317,W,1,12,0.57,2597.8,M,4.7,M,,*57_
2,2,240,0,0,0.000000,-94,255_$GNGGA,200002.00,0438.09564,N,07404.10341,W,1,12,0.60,2597.3,M,4.7,M,,*5D_
2,2,240,0,0,0.000000,-89,255_$GNGGA,195951.00,0438.09575,N,07404.10347,W,1,12,0.60,2596.4,M,4.7,M,,*5D_
2,2,240,0,0,0.000000,-17,255_$GNGGA,195940.00,0438.09582,N,07404.10340,W,1,12,0.60,2595.9,M,4.7,M,,*5C_
2,2,240,0,0,0.000000,-25,255_$GNGGA,195923.00,0438.09577,N,07404.10338,W,1,12,0.60,2595.4,M,4.7,M,,*51_
2,2,240,0,0,0.000000,-90,255_$GNGGA,195912.00,0438.09574,N,07404.10343,W,1,12,0.60,2595.3,M,4.7,M,,*5B_
2,2,240,0,0,0.000000,-92,255_$GNGGA,195901.00,0438.09561,N,07404.10343,W,1,12,0.60,2595.7,M,4.7,M,,*59_
2,2,240,0,0,0.000000,-21,255_$GNGGA,195849.00,0438.09552,N,07404.10355,W,1,12,0.60,2596.5,M,4.7,M,,*52_
2,2,240,0,0,0.000000,-17,255_$GNGGA,195832.00,0438.09562,N,07404.10381,W,1,12,0.60,2597.3,M,4.7,M,,*53_
2,2,240,0,0,0.000000,-94,255_$GNGGA,195821.00,0438.09566,N,07404.10387,W,1,12,0.57,2597.6,M,4.7,M,,*52_
2,2,240,0,0,0.000000,-92,255_$GNGGA,195809.00,0438.09565,N,07404.10375,W,1,12,0.62,2597.7,M,4.7,M,,*51_
2,2,240,0,0,0.000000,-90,255_$GNGGA,195757.00,0438.09557,N,07404.10360,W,1,12,0.62,2597.8,M,4.7,M,,*5F_
2,2,240,0,0,0.000000,-94,255_$GNGGA,195745.00,0438.09548,N,07404.10368,W,1,12,0.58,2597.9,M,4.7,M,,*52_
2,2,240,0,0,0.000000,-90,255_$GNGGA,195734.00,0438.09540,N,07404.10379,W,1,12,0.57,2597.9,M,4.7,M,,*53_
2,2,240,0,0,0.000000,-16,255_$GNGGA,195723.00,0438.09530,N,07404.10385,W,1,12,0.57,2597.7,M,4.7,M,,*5F_
2,2,240,0,0,0.000000,-88,255_$GNGGA,195706.00,0438.09520,N,07404.10392,W,1,12,0.57,2596.9,M,4.7,M,,*50_
2,2,240,0,0,0.000000,-92,255_$GNGGA,195655.00,0438.09521,N,07404.10402,W,1,12,0.57,2596.5,M,4.7,M,,*54_
2,2,240,0,0,0.000000,-92,255_$GNGGA,195644.00,0438.09532,N,07404.10421,W,1,12,0.57,2596.2,M,4.7,M,,*50_
2,2,240,0,0,0.000000,-91,255_$GNGGA,195633.00,0438.09540,N,07404.10444,W,1,12,0.57,2596.4,M,4.7,M,,*50_
2,2,240,0,0,0.000000,-20,255_$GNGGA,195621.00,0438.09554,N,07404.10479,W,1,12,0.57,2596.4,M,4.7,M,,*58_
2,2,240,0,0,0.000000,-20,255_$GNGGA,195604.00,0438.09582,N,07404.10534,W,1,12,0.60,2595.3,M,4.7,M,,*5C_
2,2,240,0,0,0.000000,-91,255_$GNGGA,195553.00,0438.09593,N,07404.10570,W,1,12,0.60,2595.2,M,4.7,M,,*5C_
2,2,240,0,0,0.000000,-91,255_$GNGGA,195541.00,0438.09600,N,07404.10586,W,1,12,0.60,2595.1,M,4.7,M,,*5C_
2,2,240,0,0,0.000000,-92,255_$GNGGA,195529.00,0438.09597,N,07404.10567,W,1,12,0.60,2595.2,M,4.7,M,,*53_
2,2,240,0,0,0.000000,-91,255_$GNGGA,195517.00,0438.09597,N,07404.10514,W,1,12,0.60,2594.7,M,4.7,M,,*5E_
2,2,240,0,0,0.000000,-92,255_$GNGGA,195506.00,0438.09603,N,07404.10453,W,1,12,0.60,2594.1,M,4.7,M,,*54_
2,2,240,0,0,0.000000,-17,255_$GNGGA,195455.00,0438.09610,N,07404.10407,W,1,12,0.61,2593.1,M,4.7,M,,*56_
2,2,240,0,0,0.000000,-92,255_$GNGGA,195444.00,0438.09607,N,07404.10384,W,1,12,0.61,2592.1,M,4.7,M,,*5D_
2,2,240,0,0,0.000000,-17,255_$GNGGA,195433.00,0438.09608,N,07404.10380,W,1,12,0.61,2591.6,M,4.7,M,,*52_
2,2,240,0,0,0.000000,-17,255_$GNGGA,195416.00,0438.09606,N,07404.10410,W,1,12,0.61,2590.8,M,4.7,M,,*5A_
2,2,240,0,0,0.000000,-93,255_$GNGGA,195405.00,0438.09604,N,07404.10441,W,1,12,0.62,2590.5,M,4.7,M,,*50_
2,2,240,0,0,0.000000,-17,255_$GNGGA,195353.00,0438.09595,N,07404.10450,W,1,12,0.61,2590.4,M,4.7,M,,*5D_
2,2,240,0,0,0.000000,-92,255_$GNGGA,195341.00,0438.09589,N,07404.10456,W,1,12,0.60,2590.3,M,4.7,M,,*53_
2,2,240,0,0,0.000000,-18,255_$GNGGA,195330.00,0438.09586,N,07404.10478,W,1,12,0.63,2590.0,M,4.7,M,,*56_
2,2,240,0,0,0.000000,-92,255_$GNGGA,195318.00,0438.09592,N,07404.10482,W,1,12,0.56,2589.6,M,4.7,M,,*54_
2,2,240,0,0,0.000000,-94,255_$GNGGA,195307.00,0438.09602,N,07404.10471,W,1,12,0.60,2589.4,M,4.7,M,,*5B_
2,2,240,0,0,0.000000,-92,255_$GNGGA,195256.00,0438.09612,N,07404.10467,W,1,12,0.60,2589.3,M,4.7,M,,*5F_
2,2,240,0,0,0.000000,-91,255_$GNGGA,195245.00,0438.09624,N,07404.10453,W,1,12,0.61,2589.0,M,4.7,M,,*5D_
2,2,240,0,0,0.000000,-90,255_$GNGGA,195233.00,0438.09633,N,07404.10436,W,1,12,0.59,2588.6,M,4.7,M,,*55_
2,2,240,0,0,0.000000,-92,255_$GNGGA,195221.00,0438.09634,N,07404.10430,W,1,12,0.55,2588.2,M,4.7,M,,*5F_
2,2,240,0,0,0.000000,-92,255_$GNGGA,195209.00,0438.09628,N,07404.10410,W,1,12,0.61,2587.9,M,4.7,M,,*59_
2,2,240,0,0,0.000000,-94,255_$GNGGA,195158.00,0438.09619,N,07404.10386,W,1,12,0.59,2587.4,M,4.7,M,,*52_
2,2,240,0,0,0.000000,-92,255_$GNGGA,195147.00,0438.09609,N,07404.10345,W,1,12,0.59,2587.1,M,4.7,M,,*57_
2,2,240,0,0,0.000000,-17,255_$GNGGA,195136.00,0438.09603,N,07404.10297,W,1,12,0.61,2587.6,M,4.7,M,,*59_
2,2,240,0,0,0.000000,-17,255_$GNGGA,195119.00,0438.09603,N,07404.10263,W,1,12,0.59,2588.6,M,4.7,M,,*5B_
2,2,240,0,0,0.000000,-91,255_$GNGGA,195108.00,0438.09603,N,07404.10262,W,1,12,0.59,2589.2,M,4.7,M,,*5F_
2,2,240,0,0,0.000000,-92,255_$GNGGA,195057.00,0438.09598,N,07404.10279,W,1,12,0.56,2589.7,M,4.7,M,,*55_
2,2,240,0,0,0.000000,-22,255_$GNGGA,195045.00,0438.09593,N,07404.10285,W,1,12,0.56,2590.0,M,4.7,M,,*51_
2,2,240,0,0,0.000000,-17,255_$GNGGA,195028.00,0438.09583,N,07404.10305,W,1,12,0.58,2590.0,M,4.7,M,,*5C_
2,2,240,0,0,0.000000,-94,255_$GNGGA,195017.00,0438.09573,N,07404.10314,W,1,12,0.55,2589.9,M,4.7,M,,*53_
2,2,240,0,0,0.000000,-91,255_$GNGGA,195005.00,0438.09568,N,07404.10338,W,1,12,0.59,2590.3,M,4.7,M,,*5A_
2,2,240,0,0,0.000000,-91,255_$GNGGA,194953.00,0438.09568,N,07404.10360,W,1,12,0.59,2590.6,M,4.7,M,,*59_
2,2,240,0,0,0.000000,-92,255_$GNGGA,194941.00,0438.09571,N,07404.10380,W,1,12,0.59,2591.2,M,4.7,M,,*59_
2,2,240,0,0,0.000000,-91,255_$GNGGA,194930.00,0438.09576,N,07404.10385,W,1,12,0.55,2591.8,M,4.7,M,,*5B_
2,2,240,0,0,0.000000,-19,255_$GNGGA,194919.00,0438.09579,N,07404.10392,W,1,12,0.55,2592.4,M,4.7,M,,*56_
2,2,240,0,0,0.000000,-88,255_$GNGGA,194908.00,0438.09585,N,07404.10393,W,1,12,0.55,2592.8,M,4.7,M,,*58_
2,2,240,0,0,0.000000,-17,255_$GNGGA,194857.00,0438.09593,N,07404.10403,W,1,12,0.55,2593.3,M,4.7,M,,*50_
2,2,240,0,0,0.000000,-18,255_$GNGGA,194840.00,0438.09606,N,07404.10412,W,1,12,0.55,2594.1,M,4.7,M,,*5C_
2,2,240,0,0,0.000000,-94,255_$GNGGA,194829.00,0438.09618,N,07404.10440,W,1,12,0.58,2593.8,M,4.7,M,,*58_
2,2,240,0,0,0.000000,-17,255_$GNGGA,194817.00,0438.09635,N,07404.10474,W,1,12,0.55,2593.2,M,4.7,M,,*5A_
2,2,240,0,0,0.000000,-17,255_$GNGGA,194800.00,0438.09647,N,07404.10503,W,1,12,0.56,2594.7,M,4.7,M,,*59_
2,2,240,0,0,0.000000,-90,255_$GNGGA,194749.00,0438.09646,N,07404.10530,W,1,12,0.56,2595.7,M,4.7,M,,*5B_
2,2,240,0,0,0.000000,-17,255_$GNGGA,194737.00,0438.09636,N,07404.10545,W,1,12,0.56,2596.0,M,4.7,M,,*53_
2,2,240,0,0,0.000000,-16,255_$GNGGA,194720.00,0438.09631,N,07404.10537,W,1,12,0.58,2595.9,M,4.7,M,,*53_
2,2,240,0,0,0.000000,-94,255_$GNGGA,194709.00,0438.09630,N,07404.10523,W,1,12,0.60,2595.9,M,4.7,M,,*57_
2,2,240,0,0,0.000000,-91,255_$GNGGA,194657.00,0438.09627,N,07404.10513,W,1,12,0.55,2595.5,M,4.7,M,,*52_
2,2,240,0,0,0.000000,-94,255_$GNGGA,194645.00,0438.09623,N,07404.10501,W,1,12,0.55,2595.4,M,4.7,M,,*57_
2,2,240,0,0,0.000000,-91,255_$GNGGA,194633.00,0438.09620,N,07404.10487,W,1,12,0.56,2595.5,M,4.7,M,,*58_
2,2,240,0,0,0.000000,-92,255_$GNGGA,194622.00,0438.09615,N,07404.10475,W,1,12,0.58,2595.7,M,4.7,M,,*5F_
2,2,240,0,0,0.000000,-24,255_$GNGGA,194611.00,0438.09610,N,07404.10460,W,1,12,0.58,2595.6,M,4.7,M,,*5F_
2,2,240,0,0,0.000000,-91,255_$GNGGA,194600.00,0438.09602,N,07404.10440,W,1,12,0.55,2595.4,M,4.7,M,,*51_
2,2,240,0,0,0.000000,-17,255_$GNGGA,194549.00,0438.09591,N,07404.10411,W,1,12,0.55,2595.3,M,4.7,M,,*55_
2,2,240,0,0,0.000000,-22,255_$GNGGA,194532.00,0438.09574,N,07404.10378,W,1,12,0.58,2595.6,M,4.7,M,,*52_
2,2,240,0,0,0.000000,-91,255_$GNGGA,194521.00,0438.09568,N,07404.10368,W,1,12,0.58,2595.6,M,4.7,M,,*5C_
2,2,240,0,0,0.000000,-90,255_$GNGGA,194509.00,0438.09562,N,07404.10356,W,1,12,0.58,2595.2,M,4.7,M,,*55_
2,2,240,0,0,0.000000,-91,255_$GNGGA,194458.00,0438.09558,N,07404.10342,W,1,12,0.55,2594.8,M,4.7,M,,*5A_
2,2,240,0,0,0.000000,-91,255_$GNGGA,194446.00,0438.09557,N,07404.10317,W,1,12,0.54,2594.0,M,4.7,M,,*53_
2,2,240,0,0,0.000000,-92,255_$GNGGA,194434.00,0438.09551,N,07404.10286,W,1,12,0.55,2593.2,M,4.7,M,,*5D_
2,2,240,0,0,0.000000,-91,255_$GNGGA,194423.00,0438.09550,N,07404.10297,W,1,12,0.56,2593.1,M,4.7,M,,*5A_
2,2,240,0,0,0.000000,-92,255_$GNGGA,194412.00,0438.09546,N,07404.10307,W,1,12,0.55,2593.1,M,4.7,M,,*54_
2,2,240,0,0,0.000000,-92,255_$GNGGA,194401.00,0438.09542,N,07404.10318,W,1,12,0.58,2593.2,M,4.7,M,,*52_
2,2,240,0,0,0.000000,-91,255_$GNGGA,194349.00,0438.09531,N,07404.10323,W,1,12,0.58,2593.7,M,4.7,M,,*50_
2,2,240,0,0,0.000000,-90,255_$GNGGA,194337.00,0438.09529,N,07404.10292,W,1,12,0.59,2594.1,M,4.7,M,,*5B_
2,2,240,0,0,0.000000,-92,255_$GNGGA,194325.00,0438.09524,N,07404.10287,W,1,12,0.58,2594.8,M,4.7,M,,*59_
2,2,240,0,0,0.000000,-92,255_$GNGGA,194313.00,0438.09524,N,07404.10295,W,1,12,0.58,2595.3,M,4.7,M,,*55_
2,2,240,0,0,0.000000,-89,255_$GNGGA,194302.00,0438.09530,N,07404.10305,W,1,12,0.57,2595.9,M,4.7,M,,*5D_
2,2,240,0,0,0.000000,-18,255_$GNGGA,194251.00,0438.09538,N,07404.10309,W,1,12,0.55,2596.3,M,4.7,M,,*55_
2,2,240,0,0,0.000000,-92,255_$GNGGA,194240.00,0438.09543,N,07404.10314,W,1,12,0.55,2596.8,M,4.7,M,,*5E_
2,2,240,0,0,0.000000,-17,255_$GNGGA,194228.00,0438.09550,N,07404.10324,W,1,12,0.59,2597.0,M,4.7,M,,*54_
2,2,240,0,0,0.000000,-17,255_$GNGGA,194211.00,0438.09547,N,07404.10341,W,1,12,0.57,2597.5,M,4.7,M,,*50_
2,2,240,0,0,0.000000,-96,255_$GNGGA,194200.00,0438.09541,N,07404.10351,W,1,12,0.57,2597.5,M,4.7,M,,*57_
2,2,240,0,0,0.000000,-91,255_$GNGGA,194148.00,0438.09527,N,07404.10331,W,1,12,0.58,2597.2,M,4.7,M,,*56_
2,2,240,0,0,0.000000,-94,255_$GNGGA,194137.00,0438.09517,N,07404.10341,W,1,12,0.58,2597.1,M,4.7,M,,*59_
2,2,240,0,0,0.000000,-91,255_$GNGGA,194125.00,0438.09509,N,07404.10338,W,1,12,0.58,2596.9,M,4.7,M,,*52_
2,2,240,0,0,0.000000,-84,255_$GNGGA,194114.00,0438.09512,N,07404.10290,W,1,12,0.59,2596.5,M,4.7,M,,*54_
2,2,240,0,0,0.000000,-17,255_$GNGGA,194103.00,0438.09517,N,07404.10235,W,1,12,0.61,2596.4,M,4.7,M,,*52_
2,2,240,0,0,0.000000,-90,255_$GNGGA,194052.00,0438.09517,N,07404.10225,W,1,12,0.60,2596.6,M,4.7,M,,*55_
2,2,240,0,0,0.000000,-92,255_$GNGGA,194040.00,0438.09520,N,07404.10245,W,1,12,0.58,2596.5,M,4.7,M,,*5C_
2,2,240,0,0,0.000000,-87,255_$GNGGA,194029.00,0438.09531,N,07404.10276,W,1,12,0.60,2596.6,M,4.7,M,,*5B_
2,2,240,0,0,0.000000,-20,255_$GNGGA,194017.00,0438.09542,N,07404.10299,W,1,12,0.62,2596.6,M,4.7,M,,*51_
2,2,240,0,0,0.000000,-89,255_$GNGGA,193959.00,0438.09558,N,07404.10319,W,1,12,0.60,2595.5,M,4.7,M,,*55_
2,2,240,0,0,0.000000,-92,255_$GNGGA,193947.00,0438.09567,N,07404.10336,W,1,12,0.60,2595.3,M,4.7,M,,*5D_
2,2,240,0,0,0.000000,-89,255_$GNGGA,193936.00,0438.09580,N,07404.10361,W,1,12,0.59,2595.4,M,4.7,M,,*5D_
2,2,240,0,0,0.000000,-91,255_$GNGGA,193924.00,0438.09594,N,07404.10400,W,1,12,0.58,2595.5,M,4.7,M,,*5B_
2,2,240,0,0,0.000000,-90,255_$GNGGA,193912.00,0438.09604,N,07404.10466,W,1,12,0.58,2595.6,M,4.7,M,,*57_
2,2,240,0,0,0.000000,-91,255_$GNGGA,193901.00,0438.09614,N,07404.10528,W,1,12,0.58,2595.3,M,4.7,M,,*5A_
2,2,240,0,0,0.000000,-92,255_$GNGGA,193850.00,0438.09619,N,07404.10566,W,1,12,0.56,2595.4,M,4.7,M,,*51_
2,2,240,0,0,0.000000,-91,255_$GNGGA,193839.00,0438.09616,N,07404.10584,W,1,12,0.60,2595.8,M,4.7,M,,*54_
2,2,240,0,0,0.000000,-90,255_$GNGGA,193827.00,0438.09611,N,07404.10591,W,1,12,0.60,2596.1,M,4.7,M,,*52_
2,2,240,0,0,0.000000,-87,255_$GNGGA,193815.00,0438.09605,N,07404.10606,W,1,12,0.56,2595.8,M,4.7,M,,*54_
2,2,240,0,0,0.000000,-96,255_$GNGGA,193803.00,0438.09602,N,07404.10635,W,1,12,0.56,2595.3,M,4.7,M,,*5F_
2,2,240,0,0,0.000000,-92,255_$GNGGA,193752.00,0438.09601,N,07404.10653,W,1,12,0.56,2594.9,M,4.7,M,,*5C_
2,2,240,0,0,0.000000,-17,255_$GNGGA,193741.00,0438.09600,N,07404.10651,W,1,12,0.61,2594.7,M,4.7,M,,*57_
2,2,240,0,0,0.000000,-17,255_$GNGGA,193724.00,0438.09604,N,07404.10649,W,1,12,0.60,2594.3,M,4.7,M,,*5C_
2,2,240,0,0,0.000000,-91,255_$GNGGA,193713.00,0438.09607,N,07404.10660,W,1,12,0.57,2594.0,M,4.7,M,,*57_
2,2,240,0,0,0.000000,-91,255_$GNGGA,193702.00,0438.09611,N,07404.10672,W,1,12,0.56,2593.6,M,4.7,M,,*53_
2,2,240,0,0,0.000000,-90,255_$GNGGA,193651.00,0438.09619,N,07404.10692,W,1,12,0.61,2593.2,M,4.7,M,,*52_
2,2,240,0,0,0.000000,-17,255_$GNGGA,193639.00,0438.09623,N,07404.10712,W,1,12,0.55,2592.8,M,4.7,M,,*50_
2,2,240,0,0,0.000000,-18,255_$GNGGA,193622.00,0438.09639,N,07404.10742,W,1,12,0.55,2591.7,M,4.7,M,,*58_
2,2,240,0,0,0.000000,-91,255_$GNGGA,193611.00,0438.09651,N,07404.10767,W,1,12,0.55,2591.2,M,4.7,M,,*54_
2,2,240,0,0,0.000000,-92,255_$GNGGA,193559.00,0438.09657,N,07404.10782,W,1,12,0.56,2591.1,M,4.7,M,,*56_
2,2,240,0,0,0.000000,-94,255_$GNGGA,193547.00,0438.09659,N,07404.10779,W,1,12,0.61,2591.0,M,4.7,M,,*56_
2,2,240,0,0,0.000000,-92,255_$GNGGA,193535.00,0438.09652,N,07404.10765,W,1,12,0.63,2590.9,M,4.7,M,,*5F_
2,2,240,0,0,0.000000,-92,255_$GNGGA,193524.00,0438.09643,N,07404.10742,W,1,12,0.63,2591.0,M,4.7,M,,*52_
2,2,240,0,0,0.000000,-18,255_$GNGGA,193513.00,0438.09631,N,07404.10723,W,1,12,0.59,2591.6,M,4.7,M,,*5B_
2,2,240,0,0,0.000000,-90,255_$GNGGA,193502.00,0438.09625,N,07404.10722,W,1,12,0.63,2592.4,M,4.7,M,,*57_
2,2,240,0,0,0.000000,-17,255_$GNGGA,193451.00,0438.09624,N,07404.10717,W,1,12,0.57,2592.7,M,4.7,M,,*53_
2,2,240,0,0,0.000000,-92,255_$GNGGA,193439.00,0438.09625,N,07404.10711,W,1,12,0.61,2593.1,M,4.7,M,,*58_
2,2,240,0,0,0.000000,-16,255_$GNGGA,193428.00,0438.09628,N,07404.10703,W,1,12,0.60,2593.7,M,4.7,M,,*51_
2,2,240,0,0,0.000000,-94,255_$GNGGA,193416.00,0438.09634,N,07404.10690,W,1,12,0.60,2594.1,M,4.7,M,,*5B_
2,2,240,0,0,0.000000,-92,255_$GNGGA,193405.00,0438.09635,N,07404.10659,W,1,12,0.61,2594.6,M,4.7,M,,*5B_
2,2,240,0,0,0.000000,-90,255_$GNGGA,193354.00,0438.09628,N,07404.10632,W,1,12,0.61,2594.6,M,4.7,M,,*59_
2,2,240,0,0,0.000000,-88,255_$GNGGA,193343.00,0438.09618,N,07404.10600,W,1,12,0.60,2594.9,M,4.7,M,,*53_
2,2,240,0,0,0.000000,-96,255_$GNGGA,193331.00,0438.09610,N,07404.10561,W,1,12,0.59,2595.0,M,4.7,M,,*58_
2,2,240,0,0,0.000000,-94,255_$GNGGA,193319.00,0438.09608,N,07404.10551,W,1,12,0.59,2595.3,M,4.7,M,,*5B_
2,2,240,0,0,0.000000,-91,255_$GNGGA,193307.00,0438.09609,N,07404.10558,W,1,12,0.58,2595.6,M,4.7,M,,*58_
2,2,240,0,0,0.000000,-92,255_$GNGGA,193255.00,0438.09612,N,07404.10559,W,1,12,0.58,2595.5,M,4.7,M,,*56_
2,2,240,0,0,0.000000,-92,255_$GNGGA,193244.00,0438.09619,N,07404.10569,W,1,12,0.59,2595.8,M,4.7,M,,*52_
2,2,240,0,0,0.000000,-92,255_$GNGGA,193233.00,0438.09623,N,07404.10596,W,1,12,0.59,2596.2,M,4.7,M,,*52_
2,2,240,0,0,0.000000,-18,255_$GNGGA,193222.00,0438.09623,N,07404.10610,W,1,12,0.58,2596.3,M,4.7,M,,*5F_
2,2,240,0,0,0.000000,-92,255_$GNGGA,193210.00,0438.09617,N,07404.10622,W,1,12,0.59,2596.2,M,4.7,M,,*58_
2,2,240,0,0,0.000000,-16,255_$GNGGA,193159.00,0438.09611,N,07404.10627,W,1,12,0.58,2596.5,M,4.7,M,,*53_
2,2,240,0,0,0.000000,-94,255_$GNGGA,193147.00,0438.09609,N,07404.10625,W,1,12,0.58,2596.9,M,4.7,M,,*5B_
2,2,240,0,0,0.000000,-102,5_$GNGGA,193135.00,0438.09609,N,07404.10638,W,1,12,0.58,2596.8,M,4.7,M,,*53_
2,2,240,0,0,0.000000,-94,255_$GNGGA,193115.00,0438.09598,N,07404.10641,W,1,12,0.58,2596.8,M,4.7,M,,*54_
2,2,240,0,0,0.000000,-17,255_$GNGGA,193103.00,0438.09592,N,07404.10632,W,1,12,0.58,2597.2,M,4.7,M,,*56_
2,2,240,0,0,0.000000,-18,255_$GNGGA,193046.00,0438.09583,N,07404.10582,W,1,12,0.58,2597.1,M,4.7,M,,*5D_
2,2,240,0,0,0.000000,-91,255_$GNGGA,193035.00,0438.09578,N,07404.10567,W,1,12,0.58,2597.0,M,4.7,M,,*57_
2,2,240,0,0,0.000000,-94,255_$GNGGA,193023.00,0438.09574,N,07404.10557,W,1,12,0.58,2597.4,M,4.7,M,,*5B_
2,2,240,0,0,0.000000,-94,255_$GNGGA,193011.00,0438.09569,N,07404.10556,W,1,12,0.58,2597.6,M,4.7,M,,*55_
2,2,240,0,0,0.000000,-91,255_$GNGGA,192959.00,0438.09575,N,07404.10554,W,1,12,0.58,2597.4,M,4.7,M,,*5C_
2,2,240,0,0,0.000000,-91,255_$GNGGA,192948.00,0438.09586,N,07404.10528,W,1,12,0.55,2597.3,M,4.7,M,,*51_
2,2,240,0,0,0.000000,-19,255_$GNGGA,192937.00,0438.09585,N,07404.10492,W,1,12,0.55,2597.2,M,4.7,M,,*5B_
2,2,240,0,0,0.000000,-91,255_$GNGGA,192926.00,0438.09576,N,07404.10445,W,1,12,0.59,2597.3,M,4.7,M,,*50_
2,2,240,0,0,0.000000,-90,255_$GNGGA,192915.00,0438.09568,N,07404.10403,W,1,12,0.55,2597.1,M,4.7,M,,*53_
2,2,240,0,0,0.000000,-17,255_$GNGGA,192858.00,0438.09557,N,07404.10346,W,1,12,0.57,2596.5,M,4.7,M,,*56_
2,2,240,0,0,0.000000,-92,255_$GNGGA,192847.00,0438.09559,N,07404.10330,W,1,12,0.55,2596.1,M,4.7,M,,*51_
2,2,240,0,0,0.000000,-90,255_$GNGGA,192835.00,0438.09559,N,07404.10324,W,1,12,0.55,2595.7,M,4.7,M,,*54_
2,2,240,0,0,0.000000,-94,255_$GNGGA,192824.00,0438.09557,N,07404.10321,W,1,12,0.55,2595.1,M,4.7,M,,*59_
2,2,240,0,0,0.000000,-91,255_$GNGGA,192812.00,0438.09554,N,07404.10320,W,1,12,0.55,2595.2,M,4.7,M,,*5D_
2,2,240,0,0,0.000000,-92,255_$GNGGA,192801.00,0438.09557,N,07404.10325,W,1,12,0.56,2594.9,M,4.7,M,,*50_
2,2,240,0,0,0.000000,-17,255_$GNGGA,192750.00,0438.09553,N,07404.10321,W,1,12,0.55,2594.2,M,4.7,M,,*53_
2,2,240,0,0,0.000000,-18,255_$GNGGA,192733.00,0438.09530,N,07404.10319,W,1,12,0.56,2593.1,M,4.7,M,,*5F_
2,2,240,0,0,0.000000,-90,255_$GNGGA,192722.00,0438.09517,N,07404.10311,W,1,12,0.56,2593.1,M,4.7,M,,*52_
2,2,240,0,0,0.000000,-92,255_$GNGGA,192711.00,0438.09510,N,07404.10299,W,1,12,0.60,2592.8,M,4.7,M,,*59_
2,2,240,0,0,0.000000,-92,255_$GNGGA,192700.00,0438.09501,N,07404.10280,W,1,12,0.57,2592.7,M,4.7,M,,*5A_
2,2,240,0,0,0.000000,-92,255_$GNGGA,192648.00,0438.09493,N,07404.10262,W,1,12,0.57,2592.7,M,4.7,M,,*51_
2,2,240,0,0,0.000000,-91,255_$GNGGA,192636.00,0438.09488,N,07404.10254,W,1,12,0.55,2592.4,M,4.7,M,,*56_
2,2,240,0,0,0.000000,-92,255_$GNGGA,192624.00,0438.09486,N,07404.10252,W,1,12,0.55,2591.7,M,4.7,M,,*5D_
2,2,240,0,0,0.000000,-94,255_$GNGGA,192613.00,0438.09484,N,07404.10244,W,1,12,0.55,2591.4,M,4.7,M,,*5F_
2,2,240,0,0,0.000000,-16,255_$GNGGA,192602.00,0438.09481,N,07404.10238,W,1,12,0.58,2591.2,M,4.7,M,,*5A_
2,2,240,0,0,0.000000,-90,255_$GNGGA,192551.00,0438.09477,N,07404.10207,W,1,12,0.58,2590.8,M,4.7,M,,*51_
2,2,240,0,0,0.000000,-18,255_$GNGGA,192540.00,0438.09478,N,07404.10162,W,1,12,0.55,2590.1,M,4.7,M,,*5A_
2,2,240,0,0,0.000000,-19,255_$GNGGA,192523.00,0438.09475,N,07404.10158,W,1,12,0.55,2590.0,M,4.7,M,,*5A_
2,2,240,0,0,0.000000,-91,255_$GNGGA,192512.00,0438.09472,N,07404.10168,W,1,12,0.55,2590.0,M,4.7,M,,*5C_
2,2,240,0,0,0.000000,-94,255_$GNGGA,192500.00,0438.09471,N,07404.10176,W,1,12,0.55,2589.9,M,4.7,M,,*52_
2,2,240,0,0,0.000000,-90,255_$GNGGA,192449.00,0438.09464,N,07404.10164,W,1,12,0.57,2589.8,M,4.7,M,,*5A_
2,2,240,0,0,0.000000,-90,255_$GNGGA,192437.00,0438.09456,N,07404.10158,W,1,12,0.56,2589.6,M,4.7,M,,*52_
2,2,240,0,0,0.000000,-90,255_$GNGGA,192425.00,0438.09452,N,07404.10159,W,1,12,0.58,2589.5,M,4.7,M,,*59_
2,2,240,0,0,0.000000,-85,255_$GNGGA,192414.00,0438.09447,N,07404.10153,W,1,12,0.58,2589.5,M,4.7,M,,*55_
2,2,240,0,0,0.000000,-92,255_$GNGGA,192403.00,0438.09449,N,07404.10182,W,1,12,0.57,2589.3,M,4.7,M,,*58_
2,2,240,0,0,0.000000,-91,255_$GNGGA,192352.00,0438.09457,N,07404.10236,W,1,12,0.58,2589.0,M,4.7,M,,*54_
2,2,240,0,0,0.000000,-92,255_$GNGGA,192340.00,0438.09465,N,07404.10276,W,1,12,0.57,2589.0,M,4.7,M,,*5D_
2,2,240,0,0,0.000000,-18,255_$GNGGA,192328.00,0438.09474,N,07404.10288,W,1,12,0.55,2589.0,M,4.7,M,,*50_
2,2,240,0,0,0.000000,-90,255_$GNGGA,192316.00,0438.09481,N,07404.10283,W,1,12,0.55,2589.4,M,4.7,M,,*58_
2,2,240,0,0,0.000000,-94,255_$GNGGA,192259.00,0438.09490,N,07404.10272,W,1,12,0.55,2590.3,M,4.7,M,,*53_
2,2,240,0,0,0.000000,-92,255_$GNGGA,192248.00,0438.09492,N,07404.10239,W,1,12,0.55,2590.7,M,4.7,M,,*5A_
2,2,240,0,0,0.000000,-94,255_$GNGGA,192236.00,0438.09490,N,07404.10230,W,1,12,0.55,2590.6,M,4.7,M,,*59_
2,2,240,0,0,0.000000,-94,255_$GNGGA,192224.00,0438.09489,N,07404.10229,W,1,12,0.56,2590.6,M,4.7,M,,*59_
2,2,240,0,0,0.000000,-85,255_$GNGGA,192213.00,0438.09497,N,07404.10247,W,1,12,0.56,2591.1,M,4.7,M,,*5C_
2,2,240,0,0,0.000000,-93,255_$GNGGA,192157.00,0438.09500,N,07404.10259,W,1,12,0.55,2592.3,M,4.7,M,,*5D_
2,2,240,0,0,0.000000,-91,255_$GNGGA,192146.00,0438.09495,N,07404.10262,W,1,12,0.55,2593.3,M,4.7,M,,*59_
2,2,240,0,0,0.000000,-94,255_$GNGGA,192135.00,0438.09492,N,07404.10263,W,1,12,0.58,2593.9,M,4.7,M,,*5C_
2,2,240,0,0,0.000000,-92,255_$GNGGA,192124.00,0438.09491,N,07404.10264,W,1,12,0.58,2594.3,M,4.7,M,,*55_
2,2,240,0,0,0.000000,-94,255_$GNGGA,192112.00,0438.09491,N,07404.10260,W,1,12,0.54,2594.6,M,4.7,M,,*5D_
2,2,240,0,0,0.000000,-94,255_$GNGGA,192100.00,0438.09494,N,07404.10268,W,1,12,0.54,2594.8,M,4.7,M,,*5D_
2,2,240,0,0,0.000000,-90,255_$GNGGA,192048.00,0438.09505,N,07404.10289,W,1,12,0.55,2595.0,M,4.7,M,,*5E_
2,2,240,0,0,0.000000,-91,255_$GNGGA,192036.00,0438.09518,N,07404.10310,W,1,12,0.55,2595.3,M,4.7,M,,*59_
2,2,240,0,0,0.000000,-94,255_$GNGGA,192025.00,0438.09531,N,07404.10337,W,1,12,0.58,2595.4,M,4.7,M,,*5F_
2,2,240,0,0,0.000000,-17,255_$GNGGA,192014.00,0438.09541,N,07404.10362,W,1,12,0.58,2595.3,M,4.7,M,,*5D_
2,2,240,0,0,0.000000,-92,255_$GNGGA,192003.00,0438.09543,N,07404.10363,W,1,12,0.55,2594.7,M,4.7,M,,*50_
2,2,240,0,0,0.000000,-17,255_$GNGGA,191951.00,0438.09536,N,07404.10347,W,1,12,0.58,2594.1,M,4.7,M,,*52_
2,2,240,0,0,0.000000,-90,255_$GNGGA,191934.00,0438.09520,N,07404.10292,W,1,12,0.58,2593.1,M,4.7,M,,*58_
2,2,240,0,0,0.000000,-92,255_$GNGGA,191923.00,0438.09519,N,07404.10285,W,1,12,0.56,2592.6,M,4.7,M,,*5A_
2,2,240,0,0,0.000000,-92,255_$GNGGA,191911.00,0438.09516,N,07404.10283,W,1,12,0.62,2592.3,M,4.7,M,,*50_
2,2,240,0,0,0.000000,-91,255_$GNGGA,191859.00,0438.09511,N,07404.10286,W,1,12,0.61,2592.2,M,4.7,M,,*5D_
2,2,240,0,0,0.000000,-92,255_$GNGGA,191847.00,0438.09509,N,07404.10290,W,1,12,0.61,2591.6,M,4.7,M,,*5B_
2,2,240,0,0,0.000000,-92,255_$GNGGA,191835.00,0438.09505,N,07404.10291,W,1,12,0.61,2591.2,M,4.7,M,,*57_
2,2,240,0,0,0.000000,-94,255_$GNGGA,191824.00,0438.09503,N,07404.10289,W,1,12,0.61,2591.2,M,4.7,M,,*58_
2,2,240,0,0,0.000000,-89,255_$GNGGA,191813.00,0438.09505,N,07404.10292,W,1,12,0.61,2591.2,M,4.7,M,,*50_
2,2,240,0,0,0.000000,-92,255_$GNGGA,191802.00,0438.09505,N,07404.10288,W,1,12,0.61,2591.2,M,4.7,M,,*5B_
2,2,240,0,0,0.000000,-94,255_$GNGGA,191750.00,0438.09504,N,07404.10279,W,1,12,0.57,2591.4,M,4.7,M,,*5F_
2,2,240,0,0,0.000000,-88,255_$GNGGA,191738.00,0438.09498,N,07404.10268,W,1,12,0.57,2591.6,M,4.7,M,,*57_
2,2,240,0,0,0.000000,-17,255_$GNGGA,191727.00,0438.09492,N,07404.10255,W,1,12,0.61,2591.6,M,4.7,M,,*58_
2,2,240,0,0,0.000000,-94,255_$GNGGA,191709.00,0438.09484,N,07404.10246,W,1,12,0.62,2591.1,M,4.7,M,,*55_
2,2,240,0,0,0.000000,-103,5_$GNGGA,191625.00,0438.09478,N,07404.10352,W,1,12,0.65,2589.2,M,4.7,M,,*50_
2,2,240,0,0,0.000000,-92,5_$GNGGA,191542.00,0438.09494,N,07404.10379,W,1,12,0.65,2588.2,M,4.7,M,,*58_
2,2,240,0,0,0.000000,-105,5_$GNGGA,191459.00,0438.09515,N,07404.10541,W,1,12,0.62,2588.0,M,4.7,M,,*53_
2,2,240,0,0,0.000000,-103,5_$GNGGA,191415.00,0438.09512,N,07404.10575,W,1,12,0.61,2588.2,M,4.7,M,,*5A_
2,2,240,0,0,0.000000,-102,5_$GNGGA,191332.00,0438.09513,N,07404.10537,W,1,12,0.61,2589.0,M,4.7,M,,*5C_
2,2,240,0,0,0.000000,-103,5_$GNGGA,191249.00,0438.09519,N,07404.10513,W,1,12,0.61,2589.6,M,4.7,M,,*5B_
2,2,240,0,0,0.000000,-106,5_$GNGGA,191206.00,0438.09510,N,07404.10429,W,1,12,0.61,2589.4,M,4.7,M,,*53_
2,2,240,0,0,0.000000,-102,5_$GNGGA,191122.00,0438.09527,N,07404.10480,W,1,12,0.61,2589.3,M,4.7,M,,*56_
2,2,240,0,0,0.000000,-103,5_$GNGGA,191038.00,0438.09532,N,07404.10533,W,1,12,0.61,2589.7,M,4.7,M,,*55_
2,2,240,0,0,0.000000,-104,5_$GNGGA,190955.00,0438.09517,N,07404.10411,W,1,12,0.59,2589.6,M,4.7,M,,*5A_
2,2,240,0,0,0.000000,-103,5_$GNGGA,190912.00,0438.09498,N,07404.10328,W,1,12,0.60,2589.4,M,4.7,M,,*5A_
2,2,240,0,0,0.000000,-103,5_$GNGGA,190829.00,0438.09500,N,07404.10376,W,1,12,0.60,2590.1,M,4.7,M,,*55_
2,2,240,0,0,0.000000,-104,5_$GNGGA,190745.00,0438.09510,N,07404.10409,W,1,12,0.59,2590.9,M,4.7,M,,*5C_
2,2,240,0,0,0.000000,-103,5_$GNGGA,190702.00,0438.09502,N,07404.10440,W,1,12,0.59,2592.7,M,4.7,M,,*5D_
2,2,240,0,0,0.000000,-103,5_$GNGGA,190619.00,0438.09489,N,07404.10379,W,1,12,0.54,2593.5,M,4.7,M,,*57_
2,2,240,0,0,0.000000,-106,5_$GNGGA,190536.00,0438.09479,N,07404.10370,W,1,12,0.64,2594.1,M,4.7,M,,*5F_
2,2,240,0,0,0.000000,-103,5_$GNGGA,190452.00,0438.09459,N,07404.10298,W,1,12,0.59,2595.2,M,4.7,M,,*55_
2,2,240,0,0,0.000000,-102,5_$GNGGA,190408.00,0438.09444,N,07404.10381,W,1,12,0.61,2596.9,M,4.7,M,,*5C_
2,2,240,0,0,0.000000,-102,5_$GNGGA,190325.00,0438.09413,N,07404.10343,W,1,12,0.59,2597.0,M,4.7,M,,*5B_
2,2,240,0,0,0.000000,-106,5_$GNGGA,190242.00,0438.09390,N,07404.10383,W,1,12,0.66,2598.4,M,4.7,M,,*5C_
2,2,240,0,0,0.000000,-104,5_$GNGGA,190158.00,0438.09377,N,07404.10386,W,1,12,0.61,2597.7,M,4.7,M,,*53_
2,2,240,0,0,0.000000,-103,5_$GNGGA,190114.00,0438.09365,N,07404.10474,W,1,12,0.65,2597.6,M,4.7,M,,*57_
2,2,240,0,0,0.000000,-104,5_$GNGGA,190031.00,0438.09370,N,07404.10445,W,1,12,0.61,2596.8,M,4.7,M,,*5C_
2,2,240,0,0,0.000000,-103,5_$GNGGA,185948.00,0438.09361,N,07404.10414,W,1,12,0.63,2596.3,M,4.7,M,,*52_
2,2,240,0,0,0.000000,-104,5_$GNGGA,185905.00,0438.09351,N,07404.10370,W,1,12,0.63,2595.3,M,4.7,M,,*5E_
2,2,240,0,0,0.000000,-104,5_$GNGGA,185821.00,0438.09340,N,07404.10329,W,1,12,0.58,2596.3,M,4.7,M,,*5E_
2,2,240,0,0,0.000000,-90,255_$GNGGA,185730.00,0438.09314,N,07404.10348,W,1,12,0.57,2599.6,M,4.7,M,,*52_
2,2,240,0,0,0.000000,-91,255_$GNGGA,185718.00,0438.09312,N,07404.10345,W,1,12,0.63,2600.1,M,4.7,M,,*50_
2,2,240,0,0,0.000000,-92,255_$GNGGA,185707.00,0438.09320,N,07404.10335,W,1,12,0.62,2599.9,M,4.7,M,,*52_
2,2,240,0,0,0.000000,-17,255_$GNGGA,185656.00,0438.09325,N,07404.10326,W,1,12,0.62,2600.1,M,4.7,M,,*5B_
2,2,240,0,0,0.000000,-91,255_$GNGGA,185645.00,0438.09326,N,07404.10324,W,1,12,0.62,2600.6,M,4.7,M,,*5F_
2,2,240,0,0,0.000000,-90,255_$GNGGA,185633.00,0438.09326,N,07404.10326,W,1,12,0.63,2600.8,M,4.7,M,,*53_
2,2,240,0,0,0.000000,-92,255_$GNGGA,185622.00,0438.09323,N,07404.10315,W,1,12,0.64,2601.0,M,4.7,M,,*58_
2,2,240,0,0,0.000000,-92,255_$GNGGA,185610.00,0438.09317,N,07404.10304,W,1,12,0.64,2601.6,M,4.7,M,,*58_
2,2,240,0,0,0.000000,-92,255_$GNGGA,185558.00,0438.09317,N,07404.10294,W,1,12,0.62,2602.2,M,4.7,M,,*5E_
2,2,240,0,0,0.000000,-94,255_$GNGGA,185547.00,0438.09311,N,07404.10284,W,1,12,0.63,2602.5,M,4.7,M,,*51_
2,2,240,0,0,0.000000,-91,255_$GNGGA,185536.00,0438.09308,N,07404.10278,W,1,12,0.62,2602.5,M,4.7,M,,*5D_
2,2,240,0,0,0.000000,-92,255_$GNGGA,185525.00,0438.09299,N,07404.10272,W,1,12,0.62,2602.7,M,4.7,M,,*5E_
2,2,240,0,0,0.000000,-92,255_$GNGGA,185513.00,0438.09282,N,07404.10257,W,1,12,0.62,2603.1,M,4.7,M,,*51_
2,2,240,0,0,0.000000,-91,255_$GNGGA,185501.00,0438.09276,N,07404.10234,W,1,12,0.63,2603.6,M,4.7,M,,*5A_
2,2,240,0,0,0.000000,-92,255_$GNGGA,185449.00,0438.09270,N,07404.10223,W,1,12,0.62,2604.1,M,4.7,M,,*56_
2,2,240,0,0,0.000000,-90,255_$GNGGA,185438.00,0438.09277,N,07404.10227,W,1,12,0.63,2604.0,M,4.7,M,,*53_
2,2,240,0,0,0.000000,-18,255_$GNGGA,185427.00,0438.09279,N,07404.10232,W,1,12,0.62,2603.9,M,4.7,M,,*58_
2,2,240,0,0,0.000000,-91,255_$GNGGA,185416.00,0438.09277,N,07404.10256,W,1,12,0.62,2603.7,M,4.7,M,,*58_
2,2,240,0,0,0.000000,-17,255_$GNGGA,185405.00,0438.09265,N,07404.10277,W,1,12,0.62,2603.2,M,4.7,M,,*5F_
2,2,240,0,0,0.000000,-17,255_$GNGGA,185348.00,0438.09256,N,07404.10276,W,1,12,0.62,2602.1,M,4.7,M,,*52_
2,2,240,0,0,0.000000,-90,255_$GNGGA,185337.00,0438.09258,N,07404.10277,W,1,12,0.62,2601.5,M,4.7,M,,*52_
2,2,240,0,0,0.000000,-92,255_$GNGGA,185325.00,0438.09263,N,07404.10279,W,1,12,0.62,2600.9,M,4.7,M,,*5A_
2,2,240,0,0,0.000000,-83,255_$GNGGA,185314.00,0438.09266,N,07404.10282,W,1,12,0.62,2600.5,M,4.7,M,,*55_
2,2,240,0,0,0.000000,-94,255_$GNGGA,185302.00,0438.09275,N,07404.10294,W,1,12,0.63,2600.2,M,4.7,M,,*51_
2,2,240,0,0,0.000000,-94,255_$GNGGA,185250.00,0438.09287,N,07404.10314,W,1,12,0.62,2599.6,M,4.7,M,,*55_
2,2,240,0,0,0.000000,-92,255_$GNGGA,185239.00,0438.09296,N,07404.10329,W,1,12,0.62,2599.1,M,4.7,M,,*53_
2,2,240,0,0,0.000000,-94,255_$GNGGA,185228.00,0438.09299,N,07404.10331,W,1,12,0.62,2598.8,M,4.7,M,,*5D_
2,2,240,0,0,0.000000,-94,255_$GNGGA,185217.00,0438.09297,N,07404.10323,W,1,12,0.62,2598.4,M,4.7,M,,*50_
2,2,240,0,0,0.000000,-92,255_$GNGGA,185205.00,0438.09286,N,07404.10306,W,1,12,0.64,2598.5,M,4.7,M,,*53_
2,2,240,0,0,0.000000,-17,255_$GNGGA,185153.00,0438.09277,N,07404.10297,W,1,12,0.62,2598.4,M,4.7,M,,*53_
2,2,240,0,0,0.000000,-88,255_$GNGGA,185141.00,0438.09272,N,07404.10289,W,1,12,0.65,2598.5,M,4.7,M,,*5C_
2,2,240,0,0,0.000000,-22,255_$GNGGA,185124.00,0438.09269,N,07404.10283,W,1,12,0.68,2598.7,M,4.7,M,,*50_
2,2,240,0,0,0.000000,-91,255_$GNGGA,185112.00,0438.09278,N,07404.10285,W,1,12,0.68,2598.4,M,4.7,M,,*50_
2,2,240,0,0,0.000000,-17,255_$GNGGA,185101.00,0438.09292,N,07404.10290,W,1,12,0.62,2598.0,M,4.7,M,,*5C_
2,2,240,0,0,0.000000,-91,255_$GNGGA,185049.00,0438.09305,N,07404.10299,W,1,12,0.62,2597.3,M,4.7,M,,*5B_
2,2,240,0,0,0.000000,-91,255_$GNGGA,185038.00,0438.09309,N,07404.10308,W,1,12,0.65,2597.1,M,4.7,M,,*5D_
2,2,240,0,0,0.000000,-91,255_$GNGGA,185027.00,0438.09310,N,07404.10293,W,1,12,0.65,2596.8,M,4.7,M,,*50_
2,2,240,0,0,0.000000,-91,255_$GNGGA,185016.00,0438.09297,N,07404.10268,W,1,12,0.68,2596.8,M,4.7,M,,*55_
2,2,240,0,0,0.000000,-91,255_$GNGGA,185004.00,0438.09289,N,07404.10252,W,1,12,0.68,2596.6,M,4.7,M,,*5E_
2,2,240,0,0,0.000000,-92,255_$GNGGA,184952.00,0438.09295,N,07404.10245,W,1,12,0.66,2596.3,M,4.7,M,,*55_
2,2,240,0,0,0.000000,-92,255_$GNGGA,184940.00,0438.09301,N,07404.10237,W,1,12,0.63,2596.2,M,4.7,M,,*5B_
2,2,240,0,0,0.000000,-91,255_$GNGGA,184929.00,0438.09305,N,07404.10222,W,1,12,0.65,2596.1,M,4.7,M,,*51_
2,2,240,0,0,0.000000,-90,255_$GNGGA,184918.00,0438.09309,N,07404.10209,W,1,12,0.62,2595.9,M,4.7,M,,*5A_
2,2,240,0,0,0.000000,-17,255_$GNGGA,184907.00,0438.09316,N,07404.10202,W,1,12,0.62,2595.8,M,4.7,M,,*50_
2,2,240,0,0,0.000000,-18,255_$GNGGA,184850.00,0438.09306,N,07404.10199,W,1,12,0.62,2596.5,M,4.7,M,,*5D_
2,2,240,0,0,0.000000,-91,255_$GNGGA,184839.00,0438.09278,N,07404.10201,W,1,12,0.62,2597.4,M,4.7,M,,*58_
2,2,240,0,0,0.000000,-92,255_$GNGGA,184828.00,0438.09248,N,07404.10212,W,1,12,0.62,2598.0,M,4.7,M,,*52_
2,2,240,0,0,0.000000,-18,255_$GNGGA,184816.00,0438.09228,N,07404.10221,W,1,12,0.62,2597.8,M,4.7,M,,*5E_
2,2,240,0,0,0.000000,-18,255_$GNGGA,184759.00,0438.09206,N,07404.10203,W,1,12,0.62,2598.1,M,4.7,M,,*50_
2,2,240,0,0,0.000000,-91,255_$GNGGA,184748.00,0438.09206,N,07404.10200,W,1,12,0.62,2598.5,M,4.7,M,,*57_
2,2,240,0,0,0.000000,-91,255_$GNGGA,184736.00,0438.09224,N,07404.10200,W,1,12,0.63,2598.7,M,4.7,M,,*5D_
2,2,240,0,0,0.000000,-89,255_$GNGGA,184724.00,0438.09243,N,07404.10175,W,1,12,0.63,2598.8,M,4.7,M,,*51_
2,2,240,0,0,0.000000,-92,255_$GNGGA,184712.00,0438.09254,N,07404.10148,W,1,12,0.62,2599.0,M,4.7,M,,*54_
2,2,240,0,0,0.000000,-92,255_$GNGGA,184701.00,0438.09265,N,07404.10119,W,1,12,0.64,2598.7,M,4.7,M,,*50_
2,2,240,0,0,0.000000,-17,255_$GNGGA,184650.00,0438.09271,N,07404.10112,W,1,12,0.64,2598.5,M,4.7,M,,*59_
2,2,240,0,0,0.000000,-92,255_$GNGGA,184639.00,0438.09277,N,07404.10126,W,1,12,0.64,2598.6,M,4.7,M,,*54_
2,2,240,0,0,0.000000,-17,255_$GNGGA,184628.00,0438.09284,N,07404.10144,W,1,12,0.62,2598.5,M,4.7,M,,*59_
2,2,240,0,0,0.000000,-17,255_$GNGGA,184611.00,0438.09305,N,07404.10166,W,1,12,0.62,2598.0,M,4.7,M,,*5E_
2,2,240,0,0,0.000000,-94,255_$GNGGA,184600.00,0438.09318,N,07404.10172,W,1,12,0.62,2597.5,M,4.7,M,,*5D_
2,2,240,0,0,0.000000,-94,255_$GNGGA,184548.00,0438.09330,N,07404.10178,W,1,12,0.62,2597.0,M,4.7,M,,*57_
2,2,240,0,0,0.000000,-92,255_$GNGGA,184537.00,0438.09331,N,07404.10196,W,1,12,0.61,2596.6,M,4.7,M,,*5A_
2,2,240,0,0,0.000000,-91,255_$GNGGA,184525.00,0438.09331,N,07404.10231,W,1,12,0.61,2596.4,M,4.7,M,,*55_
2,2,240,0,0,0.000000,-83,255_$GNGGA,184513.00,0438.09328,N,07404.10256,W,1,12,0.69,2596.8,M,4.7,M,,*5D_
2,2,240,0,0,0.000000,-94,255_$GNGGA,184502.00,0438.09328,N,07404.10266,W,1,12,0.70,2597.3,M,4.7,M,,*5C_
2,2,240,0,0,0.000000,-94,255_$GNGGA,184451.00,0438.09333,N,07404.10267,W,1,12,0.69,2597.7,M,4.7,M,,*5C_
2,2,240,0,0,0.000000,-92,255_$GNGGA,184440.00,0438.09344,N,07404.10280,W,1,12,0.71,2597.8,M,4.7,M,,*53_
2,2,240,0,0,0.000000,-88,255_$GNGGA,184428.00,0438.09356,N,07404.10295,W,1,12,0.68,2598.1,M,4.7,M,,*54_
2,2,240,0,0,0.000000,-91,255_$GNGGA,184417.00,0438.09363,N,07404.10299,W,1,12,0.68,2598.2,M,4.7,M,,*51_
2,2,240,0,0,0.000000,-96,255_$GNGGA,184405.00,0438.09350,N,07404.10282,W,1,12,0.62,2598.4,M,4.7,M,,*54_
2,2,240,0,0,0.000000,-91,255_$GNGGA,184354.00,0438.09336,N,07404.10256,W,1,12,0.61,2598.5,M,4.7,M,,*5C_
2,2,240,0,0,0.000000,-26,255_$GNGGA,184343.00,0438.09328,N,07404.10244,W,1,12,0.64,2598.6,M,4.7,M,,*50_
2,2,240,0,0,0.000000,-88,255_$GNGGA,184332.00,0438.09323,N,07404.10247,W,1,12,0.61,2598.6,M,4.7,M,,*5B_
2,2,240,0,0,0.000000,-22,255_$GNGGA,184320.00,0438.09314,N,07404.10273,W,1,12,0.61,2598.5,M,4.7,M,,*58_
2,2,240,0,0,0.000000,-17,255_$GNGGA,184303.00,0438.09313,N,07404.10325,W,1,12,0.63,2598.3,M,4.7,M,,*58_
2,2,240,0,0,0.000000,-94,255_$GNGGA,184252.00,0438.09310,N,07404.10343,W,1,12,0.63,2598.2,M,4.7,M,,*5F_
2,2,240,0,0,0.000000,-87,255_$GNGGA,184240.00,0438.09299,N,07404.10330,W,1,12,0.63,2598.2,M,4.7,M,,*58_
2,2,240,0,0,0.000000,-92,255_$GNGGA,184229.00,0438.09289,N,07404.10308,W,1,12,0.63,2598.4,M,4.7,M,,*5B_
2,2,240,0,0,0.000000,-92,255_$GNGGA,184217.00,0438.09290,N,07404.10276,W,1,12,0.71,2598.1,M,4.7,M,,*50_
2,2,240,0,0,0.000000,-25,255_$GNGGA,184205.00,0438.09299,N,07404.10265,W,1,12,0.71,2597.6,M,4.7,M,,*50_
2,2,240,0,0,0.000000,-17,255_$GNGGA,184148.00,0438.09291,N,07404.10233,W,1,12,0.71,2597.7,M,4.7,M,,*50_
2,2,240,0,0,0.000000,-94,255_$GNGGA,184131.00,0438.09284,N,07404.10215,W,1,12,0.73,2598.0,M,4.7,M,,*54_
2,2,240,0,0,0.000000,-102,5_$GNGGA,184047.00,0438.09302,N,07404.10157,W,1,12,0.73,2597.8,M,4.7,M,,*59_
2,2,240,0,0,0.000000,-108,5_$GNGGA,184004.00,0438.09315,N,07404.10172,W,1,12,0.74,2598.8,M,4.7,M,,*57_
2,2,240,0,0,0.000000,-103,5_$GNGGA,183920.00,0438.09281,N,07404.10145,W,1,12,0.73,2598.4,M,4.7,M,,*5C_
2,2,240,0,0,0.000000,-103,5_$GNGGA,183836.00,0438.09243,N,07404.10177,W,1,12,0.71,2599.9,M,4.7,M,,*5B_
2,2,240,0,0,0.000000,-103,5_$GNGGA,183753.00,0438.09206,N,07404.10194,W,1,12,0.71,2602.0,M,4.7,M,,*53_
2,2,240,0,0,0.000000,-104,5_$GNGGA,183710.00,0438.09255,N,07404.10187,W,1,12,0.73,2601.2,M,4.7,M,,*53_
2,2,240,0,0,0.000000,-103,5_$GNGGA,183627.00,0438.09336,N,07404.10239,W,1,12,0.71,2599.2,M,4.7,M,,*54_
2,2,240,0,0,0.000000,-102,5_$GNGGA,183543.00,0438.09362,N,07404.10184,W,1,12,0.71,2599.2,M,4.7,M,,*51_
2,2,240,0,0,0.000000,-103,5_$GNGGA,183500.00,0438.09342,N,07404.10226,W,1,12,0.73,2600.6,M,4.7,M,,*5A_
2,2,240,0,0,0.000000,-103,5_$GNGGA,183417.00,0438.09320,N,07404.10225,W,1,12,0.71,2603.9,M,4.7,M,,*54_
2,2,240,0,0,0.000000,-109,5_$GNGGA,183334.00,0438.09279,N,07404.10217,W,1,12,0.72,2605.8,M,4.7,M,,*5A_
2,2,240,0,0,0.000000,-102,5_$GNGGA,183250.00,0438.09276,N,07404.10191,W,1,12,0.72,2604.0,M,4.7,M,,*52_
2,2,240,0,0,0.000000,-104,5_$GNGGA,183206.00,0438.09272,N,07404.10105,W,1,12,0.74,2602.8,M,4.7,M,,*50_
2,2,240,0,0,0.000000,-102,5_$GNGGA,183123.00,0438.09253,N,07404.10050,W,1,12,0.73,2602.9,M,4.7,M,,*50_
2,2,240,0,0,0.000000,-102,5_$GNGGA,183040.00,0438.09243,N,07404.10031,W,1,12,0.71,2605.0,M,4.7,M,,*5E_
2,2,240,0,0,0.000000,-102,5_$GNGGA,182957.00,0438.09225,N,07404.10009,W,1,12,0.70,2606.4,M,4.7,M,,*5D_
2,2,240,0,0,0.000000,-104,5_$GNGGA,182913.00,0438.09176,N,07404.10034,W,1,12,0.73,2607.9,M,4.7,M,,*59_
2,2,240,0,0,0.000000,-103,5_$GNGGA,182830.00,0438.09173,N,07404.10043,W,1,12,0.72,2608.2,M,4.7,M,,*59_
2,2,240,0,0,0.000000,-103,5_$GNGGA,182747.00,0438.09220,N,07404.10086,W,1,12,0.73,2607.6,M,4.7,M,,*50_
2,2,240,0,0,0.000000,-104,5_$GNGGA,182704.00,0438.09267,N,07404.10148,W,1,12,0.70,2606.9,M,4.7,M,,*5A_
2,2,240,0,0,0.000000,-103,5_$GNGGA,182620.00,0438.09326,N,07404.10097,W,1,12,0.71,2604.4,M,4.7,M,,*54_
2,2,240,0,0,0.000000,-91,255_$GNGGA,182526.00,0438.09332,N,07404.10167,W,1,12,0.72,2603.7,M,4.7,M,,*5D_
2,2,240,0,0,0.000000,-102,5_$GNGGA,182415.00,0438.09374,N,07404.10216,W,1,12,0.70,2600.7,M,4.7,M,,*5A_
2,2,240,0,0,0.000000,-103,5_$GNGGA,182333.00,0438.09424,N,07404.10275,W,1,12,0.69,2601.0,M,4.7,M,,*50_
2,2,240,0,0,0.000000,-91,255_$GNGGA,182300.00,0438.09454,N,07404.10301,W,1,12,0.70,2602.6,M,4.7,M,,*58_
2,2,240,0,0,0.000000,-94,255_$GNGGA,182229.00,0438.09464,N,07404.10257,W,1,12,0.70,2602.1,M,4.7,M,,*54_
2,2,240,0,0,0.000000,-18,255_$GNGGA,182204.00,0438.09485,N,07404.10233,W,1,12,0.69,2602.9,M,4.7,M,,*56_
2,2,240,0,0,0.000000,-94,255_$GNGGA,182153.00,0438.09486,N,07404.10229,W,1,12,0.70,2603.7,M,4.7,M,,*58_
2,2,240,0,0,0.000000,-94,255_$GNGGA,182113.00,0438.09462,N,07404.10162,W,1,12,0.71,2605.7,M,4.7,M,,*5D_
2,2,240,0,0,0.000000,-95,255_$GNGGA,182033.00,0438.09426,N,07404.10141,W,1,12,0.69,2606.3,M,4.7,M,,*51_
2,2,240,0,0,0.000000,-95,255_$GNGGA,181953.00,0438.09449,N,07404.10144,W,1,12,0.68,2604.9,M,4.7,M,,*58_
2,2,240,0,0,0.000000,-89,255_$GNGGA,181902.00,0438.09524,N,07404.10263,W,1,12,0.68,2603.0,M,4.7,M,,*5E_
2,2,240,0,0,0.000000,-88,255_$GNGGA,181851.00,0438.09530,N,07404.10272,W,1,12,0.68,2602.8,M,4.7,M,,*55_
2,2,240,0,0,0.000000,-91,255_$GNGGA,181840.00,0438.09535,N,07404.10284,W,1,12,0.71,2602.1,M,4.7,M,,*58_
2,2,240,0,0,0.000000,-91,255_$GNGGA,181824.00,0438.09540,N,07404.10277,W,1,12,0.68,2601.6,M,4.7,M,,*58_
2,2,240,0,0,0.000000,-92,255_$GNGGA,181808.00,0438.09537,N,07404.10284,W,1,12,0.69,2602.1,M,4.7,M,,*5F_
2,2,240,0,0,0.000000,-94,255_$GNGGA,181739.00,0438.09549,N,07404.10330,W,1,12,0.68,2601.0,M,4.7,M,,*56_
2,2,240,0,0,0.000000,-102,5_$GNGGA,181716.00,0438.09546,N,07404.10297,W,1,12,0.68,2598.9,M,4.7,M,,*52_
2,2,240,0,0,0.000000,-92,255_$GNGGA,181638.00,0438.09546,N,07404.10309,W,1,12,0.68,2598.6,M,4.7,M,,*56_
2,2,240,0,0,0.000000,-93,255_$GNGGA,181558.00,0438.09606,N,07404.10402,W,1,12,0.66,2601.3,M,4.7,M,,*50_
2,2,240,0,0,0.000000,-93,255_$GNGGA,181518.00,0438.09634,N,07404.10362,W,1,12,0.67,2601.5,M,4.7,M,,*53_
2,2,240,0,0,0.000000,-93,255_$GNGGA,181438.00,0438.09678,N,07404.10429,W,1,12,0.64,2601.7,M,4.7,M,,*51_
2,2,240,0,0,0.000000,-92,255_$GNGGA,181358.00,0438.09723,N,07404.10485,W,1,12,0.64,2602.0,M,4.7,M,,*5D_
2,2,240,0,0,0.000000,-94,255_$GNGGA,181318.00,0438.09713,N,07404.10438,W,1,12,0.64,2602.2,M,4.7,M,,*5E_
2,2,240,0,0,0.000000,-93,255_$GNGGA,181238.00,0438.09701,N,07404.10402,W,1,12,0.68,2603.3,M,4.7,M,,*5B_
2,2,240,0,0,0.000000,-93,255_$GNGGA,181158.00,0438.09694,N,07404.10384,W,1,12,0.64,2603.5,M,4.7,M,,*50_
2,2,240,0,0,0.000000,-94,255_$GNGGA,181118.00,0438.09694,N,07404.10378,W,1,12,0.65,2604.3,M,4.7,M,,*57_
2,2,240,0,0,0.000000,-93,255_$GNGGA,181038.00,0438.09674,N,07404.10386,W,1,12,0.64,2604.6,M,4.7,M,,*5F_
2,2,240,0,0,0.000000,-94,255_$GNGGA,180958.00,0438.09683,N,07404.10355,W,1,12,0.64,2604.3,M,4.7,M,,*52_
2,2,240,0,0,0.000000,-93,255_$GNGGA,180918.00,0438.09665,N,07404.10364,W,1,12,0.67,2604.3,M,4.7,M,,*5F_
2,2,240,0,0,0.000000,-93,255_$GNGGA,180838.00,0438.09660,N,07404.10359,W,1,12,0.63,2603.6,M,4.7,M,,*51_
2,2,240,0,0,0.000000,-93,255_$GNGGA,180758.00,0438.09639,N,07404.10355,W,1,12,0.63,2603.2,M,4.7,M,,*5C_
2,2,240,0,0,0.000000,-95,255_$GNGGA,180718.00,0438.09595,N,07404.10341,W,1,12,0.63,2602.0,M,4.7,M,,*5B_
2,2,240,0,0,0.000000,-93,255_$GNGGA,180638.00,0438.09615,N,07404.10379,W,1,12,0.63,2602.9,M,4.7,M,,*51_
2,2,240,0,0,0.000000,-93,255_$GNGGA,180558.00,0438.09619,N,07404.10318,W,1,12,0.63,2604.6,M,4.7,M,,*56_
2,2,240,0,0,0.000000,-93,255_$GNGGA,180518.00,0438.09632,N,07404.10285,W,1,12,0.67,2607.5,M,4.7,M,,*5A_
2,2,240,0,0,0.000000,-92,255_$GNGGA,180438.00,0438.09654,N,07404.10284,W,1,12,0.64,2607.6,M,4.7,M,,*58_
2,2,240,0,0,0.000000,-94,255_$GNGGA,180358.00,0438.09667,N,07404.10318,W,1,12,0.64,2604.7,M,4.7,M,,*5F_
2,2,240,0,0,0.000000,-90,255_$GNGGA,180318.00,0438.09627,N,07404.10291,W,1,12,0.73,2600.8,M,4.7,M,,*52_
2,2,240,0,0,0.000000,-93,255_$GNGGA,180238.00,0438.09621,N,07404.10304,W,1,12,0.73,2600.5,M,4.7,M,,*57_
2,2,240,0,0,0.000000,-93,255_$GNGGA,180158.00,0438.09651,N,07404.10355,W,1,12,0.67,2602.4,M,4.7,M,,*57_
2,2,240,0,0,0.000000,-92,255_$GNGGA,180118.00,0438.09625,N,07404.10314,W,1,12,0.69,2602.3,M,4.7,M,,*5C_
2,2,240,0,0,0.000000,-93,255_$GNGGA,180038.00,0438.09602,N,07404.10290,W,1,12,0.67,2600.7,M,4.7,M,,*5F_
2,2,240,0,0,0.000000,-93,255_$GNGGA,175958.00,0438.09595,N,07404.10291,W,1,12,0.66,2601.1,M,4.7,M,,*50_
2,2,240,0,0,0.000000,-93,255_$GNGGA,175918.00,0438.09608,N,07404.10285,W,1,12,0.66,2602.4,M,4.7,M,,*50_
2,2,240,0,0,0.000000,-92,255_$GNGGA,175838.00,0438.09649,N,07404.10341,W,1,12,0.67,2602.8,M,4.7,M,,*52_
2,2,240,0,0,0.000000,-92,255_$GNGGA,175758.00,0438.09687,N,07404.10434,W,1,12,0.66,2604.9,M,4.7,M,,*5A_
2,2,240,0,0,0.000000,-92,255_$GNGGA,175718.00,0438.09660,N,07404.10409,W,1,12,0.69,2603.1,M,4.7,M,,*59_
2,2,240,0,0,0.000000,-94,255_$GNGGA,175638.00,0438.09697,N,07404.10384,W,1,12,0.69,2603.1,M,4.7,M,,*50_
2,2,240,0,0,0.000000,-93,255_$GNGGA,175558.00,0438.09742,N,07404.10371,W,1,12,0.66,2604.1,M,4.7,M,,*5E_
2,2,240,0,0,0.000000,-93,255_$GNGGA,175518.00,0438.09781,N,07404.10389,W,1,12,0.65,2605.7,M,4.7,M,,*56_
2,2,240,0,0,0.000000,-93,255_$GNGGA,175438.00,0438.09756,N,07404.10354,W,1,12,0.64,2605.9,M,4.7,M,,*50_
2,2,240,0,0,0.000000,-93,255_$GNGGA,175358.00,0438.09764,N,07404.10373,W,1,12,0.65,2606.3,M,4.7,M,,*5D_
2,2,240,0,0,0.000000,-92,255_$GNGGA,175318.00,0438.09769,N,07404.10375,W,1,12,0.64,2605.1,M,4.7,M,,*52_
2,2,240,0,0,0.000000,-93,255_$GNGGA,175238.00,0438.09727,N,07404.10370,W,1,12,0.64,2603.5,M,4.7,M,,*5C_
2,2,240,0,0,0.000000,-91,255_$GNGGA,175158.00,0438.09736,N,07404.10375,W,1,12,0.64,2603.8,M,4.7,M,,*51_
2,2,240,0,0,0.000000,-93,255_$GNGGA,175118.00,0438.09723,N,07404.10369,W,1,12,0.63,2605.0,M,4.7,M,,*55_
2,2,240,0,0,0.000000,-94,255_$GNGGA,175038.00,0438.09709,N,07404.10374,W,1,12,0.64,2603.1,M,4.7,M,,*52_
2,2,240,0,0,0.000000,-93,255_$GNGGA,174958.00,0438.09732,N,07404.10371,W,1,12,0.63,2600.7,M,4.7,M,,*53_
2,2,240,0,0,0.000000,-93,255_$GNGGA,174918.00,0438.09711,N,07404.10341,W,1,12,0.63,2599.5,M,4.7,M,,*54_
2,2,240,0,0,0.000000,-93,255_$GNGGA,174838.00,0438.09710,N,07404.10294,W,1,12,0.63,2599.1,M,4.7,M,,*5B_
2,2,240,0,0,0.000000,-92,255_$GNGGA,174758.00,0438.09717,N,07404.10263,W,1,12,0.63,2598.3,M,4.7,M,,*5E_
2,2,240,0,0,0.000000,-92,255_$GNGGA,174718.00,0438.09701,N,07404.10245,W,1,12,0.65,2597.4,M,4.7,M,,*57_
2,2,240,0,0,0.000000,-93,255_$GNGGA,174638.00,0438.09701,N,07404.10352,W,1,12,0.63,2601.1,M,4.7,M,,*5C_
2,2,240,0,0,0.000000,-93,255_$GNGGA,174558.00,0438.09685,N,07404.10336,W,1,12,0.62,2599.5,M,4.7,M,,*51_
2,2,240,0,0,0.000000,-93,255_$GNGGA,174518.00,0438.09714,N,07404.10353,W,1,12,0.62,2600.3,M,4.7,M,,*5A_
2,2,240,0,0,0.000000,-93,255_$GNGGA,174438.00,0438.09718,N,07404.10333,W,1,12,0.62,2600.4,M,4.7,M,,*54_
2,2,240,0,0,0.000000,-92,255_$GNGGA,174358.00,0438.09688,N,07404.10281,W,1,12,0.59,2600.2,M,4.7,M,,*5B_
2,2,240,0,0,0.000000,-92,255_$GNGGA,174318.00,0438.09664,N,07404.10263,W,1,12,0.62,2599.8,M,4.7,M,,*50_
2,2,240,0,0,0.000000,-91,255_$GNGGA,174238.00,0438.09663,N,07404.10244,W,1,12,0.59,2600.1,M,4.7,M,,*53_
2,2,240,0,0,0.000000,-92,255_$GNGGA,174158.00,0438.09669,N,07404.10328,W,1,12,0.59,2601.3,M,4.7,M,,*54_
2,2,240,0,0,0.000000,-92,255_$GNGGA,174118.00,0438.09678,N,07404.10397,W,1,12,0.58,2600.7,M,4.7,M,,*50_
2,2,240,0,0,0.000000,-91,255_$GNGGA,174038.00,0438.09651,N,07404.10417,W,1,12,0.58,2599.1,M,4.7,M,,*52_
2,2,240,0,0,0.000000,-93,255_$GNGGA,173958.00,0438.09651,N,07404.10420,W,1,12,0.58,2597.7,M,4.7,M,,*56_
2,2,240,0,0,0.000000,-93,255_$GNGGA,173918.00,0438.09639,N,07404.10457,W,1,12,0.58,2598.0,M,4.7,M,,*54_
2,2,240,0,0,0.000000,-93,255_$GNGGA,173838.00,0438.09606,N,07404.10411,W,1,12,0.61,2598.5,M,4.7,M,,*56_
2,2,240,0,0,0.000000,-94,255_$GNGGA,173758.00,0438.09564,N,07404.10339,W,1,12,0.59,2598.1,M,4.7,M,,*5A_
2,2,240,0,0,0.000000,-93,255_$GNGGA,173718.00,0438.09546,N,07404.10307,W,1,12,0.60,2598.7,M,4.7,M,,*5F_
2,2,240,0,0,0.000000,-92,255_$GNGGA,173638.00,0438.09511,N,07404.10283,W,1,12,0.58,2599.9,M,4.7,M,,*57_
2,2,240,0,0,0.000000,-93,255_$GNGGA,173558.00,0438.09517,N,07404.10340,W,1,12,0.58,2599.5,M,4.7,M,,*56_
2,2,240,0,0,0.000000,-92,255_$GNGGA,173518.00,0438.09522,N,07404.10354,W,1,12,0.58,2600.6,M,4.7,M,,*51_
2,2,240,0,0,0.000000,-92,255_$GNGGA,173438.00,0438.09451,N,07404.10337,W,1,12,0.59,2601.9,M,4.7,M,,*5D_
2,2,240,0,0,0.000000,-90,255_$GNGGA,173358.00,0438.09376,N,07404.10323,W,1,12,0.58,2600.5,M,4.7,M,,*57_
2,2,240,0,0,0.000000,-92,255_$GNGGA,173318.00,0438.09337,N,07404.10306,W,1,12,0.57,2600.8,M,4.7,M,,*53_
2,2,240,0,0,0.000000,-91,255_$GNGGA,173248.00,0438.09287,N,07404.10271,W,1,12,0.60,2603.8,M,4.7,M,,*5B_
2,2,240,0,0,0.000000,-92,255_$GNGGA,173224.00,0438.09235,N,07404.10212,W,1,12,0.56,2605.8,M,4.7,M,,*5E_
2,2,240,0,0,0.000000,-92,255_$GNGGA,173212.00,0438.09209,N,07404.10191,W,1,12,0.60,2606.4,M,4.7,M,,*56_
2,2,240,0,0,0.000000,-90,255_$GNGGA,173200.00,0438.09211,N,07404.10178,W,1,12,0.67,2606.4,M,4.7,M,,*5C_
2,2,240,0,0,0.000000,-91,255_$GNGGA,173149.00,0438.09232,N,07404.10176,W,1,12,0.67,2606.2,M,4.7,M,,*5B_
2,2,240,0,0,0.000000,-92,255_$GNGGA,173138.00,0438.09248,N,07404.10180,W,1,12,0.67,2606.5,M,4.7,M,,*5E_
2,2,240,0,0,0.000000,-92,255_$GNGGA,173127.00,0438.09258,N,07404.10175,W,1,12,0.72,2606.7,M,4.7,M,,*5D_
2,2,240,0,0,0.000000,-90,255_$GNGGA,173115.00,0438.09259,N,07404.10156,W,1,12,0.72,2607.4,M,4.7,M,,*5E_
2,2,240,0,0,0.000000,-92,255_$GNGGA,173103.00,0438.09242,N,07404.10136,W,1,12,0.74,2608.0,M,4.7,M,,*58_
2,2,240,0,0,0.000000,-88,255_$GNGGA,173051.00,0438.09213,N,07404.10121,W,1,12,0.71,2608.2,M,4.7,M,,*5B_
2,2,240,0,0,0.000000,-90,255_$GNGGA,173040.00,0438.09185,N,07404.10105,W,1,12,0.71,2608.9,M,4.7,M,,*5A_
2,2,240,0,0,0.000000,-89,255_$GNGGA,173029.00,0438.09163,N,07404.10102,W,1,12,0.69,2610.0,M,4.7,M,,*53_
2,2,240,0,0,0.000000,-90,255_$GNGGA,173012.00,0438.09174,N,07404.10117,W,1,12,0.68,2610.2,M,4.7,M,,*5A_
2,2,240,0,0,0.000000,-91,255_$GNGGA,173001.00,0438.09198,N,07404.10119,W,1,12,0.68,2609.9,M,4.7,M,,*57_
2,2,240,0,0,0.000000,-92,255_$GNGGA,172950.00,0438.09221,N,07404.10124,W,1,12,0.66,2609.1,M,4.7,M,,*52_
2,2,240,0,0,0.000000,-90,255_$GNGGA,172939.00,0438.09227,N,07404.10125,W,1,12,0.70,2608.1,M,4.7,M,,*5C_
2,2,240,0,0,0.000000,-90,255_$GNGGA,172927.00,0438.09239,N,07404.10134,W,1,12,0.73,2606.3,M,4.7,M,,*53_
2,2,240,0,0,0.000000,-91,255_$GNGGA,172916.00,0438.09252,N,07404.10154,W,1,12,0.69,2604.7,M,4.7,M,,*57_
2,2,240,0,0,0.000000,-92,255_$GNGGA,172904.00,0438.09257,N,07404.10167,W,1,12,0.69,2604.0,M,4.7,M,,*56_
2,2,240,0,0,0.000000,-90,255_$GNGGA,172852.00,0438.09256,N,07404.10173,W,1,12,0.69,2604.2,M,4.7,M,,*52_
2,2,240,0,0,0.000000,-91,255_$GNGGA,172841.00,0438.09246,N,07404.10168,W,1,12,0.69,2604.5,M,4.7,M,,*5C_
2,2,240,0,0,0.000000,-92,255_$GNGGA,172830.00,0438.09248,N,07404.10166,W,1,12,0.69,2604.8,M,4.7,M,,*57_
2,2,240,0,0,0.000000,-88,255_$GNGGA,172819.00,0438.09253,N,07404.10166,W,1,12,0.67,2604.6,M,4.7,M,,*56_
2,2,240,0,0,0.000000,-89,255_$GNGGA,172807.00,0438.09254,N,07404.10167,W,1,12,0.67,2604.2,M,4.7,M,,*5B_
2,2,240,0,0,0.000000,-91,255_$GNGGA,172755.00,0438.09262,N,07404.10171,W,1,12,0.67,2603.7,M,4.7,M,,*53_
2,2,240,0,0,0.000000,-90,255_$GNGGA,172743.00,0438.09278,N,07404.10180,W,1,12,0.66,2603.6,M,4.7,M,,*51_
2,2,240,0,0,0.000000,-102,5_$GNGGA,172732.00,0438.09282,N,07404.10175,W,1,12,0.70,2603.5,M,4.7,M,,*5C_
2,2,240,0,0,0.000000,-92,255_$GNGGA,172713.00,0438.09257,N,07404.10128,W,1,12,0.71,2603.8,M,4.7,M,,*53_
2,2,240,0,0,0.000000,-89,255_$GNGGA,172701.00,0438.09254,N,07404.10103,W,1,12,0.71,2603.8,M,4.7,M,,*5A_
2,2,240,0,0,0.000000,-95,255_$GNGGA,172631.00,0438.09301,N,07404.10100,W,1,12,0.70,2603.0,M,4.7,M,,*53_
2,2,240,0,0,0.000000,-102,5_$GNGGA,172552.00,0438.09309,N,07404.10041,W,1,12,0.71,2603.5,M,4.7,M,,*5D_
2,2,240,0,0,0.000000,-94,255_$GNGGA,172519.00,0438.09351,N,07404.10094,W,1,12,0.65,2605.4,M,4.7,M,,*55_
2,2,240,0,0,0.000000,-95,255_$GNGGA,172440.00,0438.09318,N,07404.10171,W,1,12,0.65,2607.2,M,4.7,M,,*5B_
2,2,240,0,0,0.000000,-91,255_$GNGGA,172421.00,0438.09309,N,07404.10198,W,1,12,0.69,2607.9,M,4.7,M,,*5C_
2,2,240,0,0,0.000000,-22,255_$GNGGA,172409.00,0438.09328,N,07404.10217,W,1,12,0.66,2607.8,M,4.7,M,,*5F_
2,2,240,0,0,0.000000,-90,255_$GNGGA,172358.00,0438.09335,N,07404.10231,W,1,12,0.68,2607.6,M,4.7,M,,*54_
2,2,240,0,0,0.000000,-89,255_$GNGGA,172347.00,0438.09350,N,07404.10233,W,1,12,0.70,2607.2,M,4.7,M,,*56_
2,2,240,0,0,0.000000,-88,255_$GNGGA,172336.00,0438.09348,N,07404.10229,W,1,12,0.66,2607.0,M,4.7,M,,*57_
2,2,240,0,0,0.000000,-24,255_$GNGGA,172324.00,0438.09335,N,07404.10240,W,1,12,0.66,2606.9,M,4.7,M,,*59_
2,2,240,0,0,0.000000,-79,255_$GNGGA,172313.00,0438.09333,N,07404.10243,W,1,12,0.67,2606.7,M,4.7,M,,*57_
2,2,240,0,0,0.000000,-91,255_$GNGGA,172255.00,0438.09325,N,07404.10269,W,1,12,0.67,2606.6,M,4.7,M,,*5A_
2,2,240,0,0,0.000000,-48,255_$GNGGA,172220.00,0438.09355,N,07404.10358,W,1,12,0.67,2604.2,M,4.7,M,,*5A_
2,2,240,0,0,0.000000,-92,255_$GNGGA,172145.00,0438.09303,N,07404.10353,W,1,12,0.72,2604.3,M,4.7,M,,*57_
2,2,240,0,0,0.000000,-94,255_$GNGGA,172117.00,0438.09276,N,07404.10377,W,1,12,0.65,2602.2,M,4.7,M,,*54_
2,2,240,0,0,0.000000,-93,255_$GNGGA,172046.00,0438.09279,N,07404.10430,W,1,12,0.71,2599.6,M,4.7,M,,*5A_
2,2,240,0,0,0.000000,-94,255_$GNGGA,172016.00,0438.09247,N,07404.10399,W,1,12,0.63,2601.9,M,4.7,M,,*58_
2,2,240,0,0,0.000000,-102,5_$GNGGA,171947.00,0438.09256,N,07404.10419,W,1,12,0.63,2601.8,M,4.7,M,,*58_
2,2,240,0,0,0.000000,-92,255_$GNGGA,171928.00,0438.09246,N,07404.10439,W,1,12,0.63,2601.6,M,4.7,M,,*5C_
2,2,240,0,0,0.000000,-102,5_$GNGGA,171917.00,0438.09238,N,07404.10468,W,1,12,0.63,2601.0,M,4.7,M,,*5B_
2,2,240,0,0,0.000000,-87,255_$GNGGA,171857.00,0438.09243,N,07404.10511,W,1,12,0.63,2600.5,M,4.7,M,,*59_
2,2,240,0,0,0.000000,-92,255_$GNGGA,171845.00,0438.09236,N,07404.10520,W,1,12,0.63,2600.4,M,4.7,M,,*5B_
2,2,240,0,0,0.000000,-20,255_$GNGGA,171834.00,0438.09232,N,07404.10521,W,1,12,0.63,2600.4,M,4.7,M,,*58_
2,2,240,0,0,0.000000,-96,255_$GNGGA,171817.00,0438.09206,N,07404.10521,W,1,12,0.63,2601.2,M,4.7,M,,*59_
2,2,240,0,0,0.000000,-22,255_$GNGGA,171805.00,0438.09206,N,07404.10532,W,1,12,0.63,2601.6,M,4.7,M,,*5C_
2,2,240,0,0,0.000000,-75,255_$GNGGA,171753.00,0438.09216,N,07404.10535,W,1,12,0.63,2601.8,M,4.7,M,,*58_
2,2,240,0,0,0.000000,-92,255_$GNGGA,171729.00,0438.09189,N,07404.10519,W,1,12,0.62,2603.4,M,4.7,M,,*51_
2,2,240,0,0,0.000000,-92,255_$GNGGA,171718.00,0438.09181,N,07404.10528,W,1,12,0.66,2603.7,M,4.7,M,,*5E_
2,2,240,0,0,0.000000,-22,255_$GNGGA,171707.00,0438.09169,N,07404.10524,W,1,12,0.68,2603.9,M,4.7,M,,*5A_
2,2,240,0,0,0.000000,-90,255_$GNGGA,171655.00,0438.09145,N,07404.10528,W,1,12,0.68,2604.3,M,4.7,M,,*53_
2,2,240,0,0,0.000000,-92,255_$GNGGA,171643.00,0438.09105,N,07404.10531,W,1,12,0.65,2605.2,M,4.7,M,,*55_
2,2,240,0,0,0.000000,-19,255_$GNGGA,171630.00,0438.09069,N,07404.10526,W,1,12,0.67,2606.3,M,4.7,M,,*5C_
2,2,240,0,0,0.000000,-89,255_$GNGGA,171618.00,0438.09040,N,07404.10531,W,1,12,0.65,2607.2,M,4.7,M,,*59_
2,2,240,0,0,0.000000,-92,255_$GNGGA,171606.00,0438.09017,N,07404.10547,W,1,12,0.67,2607.8,M,4.7,M,,*5D_
2,2,240,0,0,0.000000,-90,255_$GNGGA,171554.00,0438.08985,N,07404.10546,W,1,12,0.65,2608.7,M,4.7,M,,*59_
2,2,240,0,0,0.000000,-91,255_$GNGGA,171543.00,0438.08958,N,07404.10548,W,1,12,0.65,2609.8,M,4.7,M,,*5F_
2,2,240,0,0,0.000000,-91,255_$GNGGA,171532.00,0438.08962,N,07404.10542,W,1,12,0.64,2609.8,M,4.7,M,,*5B_
2,2,240,0,0,0.000000,-20,255_$GNGGA,171521.00,0438.08965,N,07404.10525,W,1,12,0.66,2609.5,M,4.7,M,,*50_
2,2,240,0,0,0.000000,-88,255_$GNGGA,171509.00,0438.08984,N,07404.10507,W,1,12,0.66,2608.7,M,4.7,M,,*56_
2,2,240,0,0,0.000000,-92,255_$GNGGA,171457.00,0438.08991,N,07404.10497,W,1,12,0.62,2608.2,M,4.7,M,,*51_
2,2,240,0,0,0.000000,-91,255_$GNGGA,171438.00,0438.08966,N,07404.10492,W,1,12,0.63,2608.3,M,4.7,M,,*55_
2,2,240,0,0,0.000000,-90,255_$GNGGA,171427.00,0438.08956,N,07404.10494,W,1,12,0.62,2608.1,M,4.7,M,,*5D_
2,2,240,0,0,0.000000,-89,5_$GNGGA,171415.00,0438.08955,N,07404.10493,W,1,12,0.62,2607.7,M,4.7,M,,*51_
2,2,240,0,0,0.000000,-91,255_$GNGGA,171355.00,0438.08963,N,07404.10477,W,1,12,0.62,2607.3,M,4.7,M,,*59_
2,2,240,0,0,0.000000,-94,255_$GNGGA,171343.00,0438.08978,N,07404.10456,W,1,12,0.61,2606.4,M,4.7,M,,*52_
2,2,240,0,0,0.000000,-102,5_$GNGGA,171332.00,0438.08996,N,07404.10457,W,1,12,0.61,2605.5,M,4.7,M,,*57_
2,2,240,0,0,0.000000,-80,255_$GNGGA,171313.00,0438.09034,N,07404.10469,W,1,12,0.63,2604.0,M,4.7,M,,*5F_
2,2,240,0,0,0.000000,-91,255_$GNGGA,171257.00,0438.09057,N,07404.10470,W,1,12,0.63,2602.8,M,4.7,M,,*5D_
2,2,240,0,0,0.000000,-94,255_$GNGGA,171246.00,0438.09065,N,07404.10467,W,1,12,0.66,2602.2,M,4.7,M,,*55_
2,2,240,0,0,0.000000,-90,255_$GNGGA,171229.00,0438.09049,N,07404.10436,W,1,12,0.64,2602.3,M,4.7,M,,*55_
2,2,240,0,0,0.000000,-92,255_$GNGGA,171217.00,0438.09032,N,07404.10434,W,1,12,0.62,2602.6,M,4.7,M,,*55_
2,2,240,0,0,0.000000,-94,255_$GNGGA,171205.00,0438.09015,N,07404.10436,W,1,12,0.61,2603.0,M,4.7,M,,*55_
2,2,240,0,0,0.000000,-96,255_$GNGGA,171154.00,0438.08992,N,07404.10415,W,1,12,0.63,2603.8,M,4.7,M,,*5E_
2,2,240,0,0,0.000000,-17,255_$GNGGA,171143.00,0438.08973,N,07404.10405,W,1,12,0.61,2604.6,M,4.7,M,,*5D_
2,2,240,0,0,0.000000,-91,255_$GNGGA,171132.00,0438.08957,N,07404.10407,W,1,12,0.63,2605.3,M,4.7,M,,*59_
2,2,240,0,0,0.000000,-91,255_$GNGGA,171120.00,0438.08939,N,07404.10390,W,1,12,0.63,2606.0,M,4.7,M,,*5B_
2,2,240,0,0,0.000000,-82,255_$GNGGA,171108.00,0438.08931,N,07404.10374,W,1,12,0.63,2606.7,M,4.7,M,,*54_
2,2,240,0,0,0.000000,-92,255_$GNGGA,171056.00,0438.08941,N,07404.10358,W,1,12,0.62,2607.0,M,4.7,M,,*50_
2,2,240,0,0,0.000000,-102,5_$GNGGA,171044.00,0438.08939,N,07404.10348,W,1,12,0.63,2607.1,M,4.7,M,,*5D_
2,2,240,0,0,0.000000,-94,255_$GNGGA,171015.00,0438.08907,N,07404.10364,W,1,12,0.67,2608.8,M,4.7,M,,*58_
2,2,240,0,0,0.000000,-95,255_$GNGGA,170940.00,0438.08934,N,07404.10364,W,1,12,0.60,2608.5,M,4.7,M,,*5A_
2,2,240,0,0,0.000000,-103,5_$GNGGA,170913.00,0438.08957,N,07404.10371,W,1,12,0.62,2608.1,M,4.7,M,,*5B_
2,2,240,0,0,0.000000,-17,255_$GNGGA,170854.00,0438.08991,N,07404.10346,W,1,12,0.64,2606.8,M,4.7,M,,*56_
2,2,240,0,0,0.000000,-94,255_$GNGGA,170842.00,0438.08994,N,07404.10339,W,1,12,0.64,2606.6,M,4.7,M,,*52_
2,2,240,0,0,0.000000,-92,255_$GNGGA,170830.00,0438.09010,N,07404.10345,W,1,12,0.64,2606.0,M,4.7,M,,*5E_
2,2,240,0,0,0.000000,-92,255_$GNGGA,170819.00,0438.09035,N,07404.10350,W,1,12,0.60,2605.0,M,4.7,M,,*51_
2,2,240,0,0,0.000000,-91,255_$GNGGA,170800.00,0438.09074,N,07404.10335,W,1,12,0.60,2602.8,M,4.7,M,,*50_
2,2,240,0,0,0.000000,-33,255_$GNGGA,170748.00,0438.09083,N,07404.10332,W,1,12,0.60,2602.2,M,4.7,M,,*56_
2,2,240,0,0,0.000000,-91,255_$GNGGA,170729.00,0438.09093,N,07404.10331,W,1,12,0.63,2601.9,M,4.7,M,,*58_
2,2,240,0,0,0.000000,-91,255_$GNGGA,170706.00,0438.09107,N,07404.10348,W,1,12,0.60,2602.0,M,4.7,M,,*5E_
2,2,240,0,0,0.000000,-86,255_$GNGGA,170654.00,0438.09092,N,07404.10349,W,1,12,0.60,2602.4,M,4.7,M,,*50_
2,2,240,0,0,0.000000,-90,255_$GNGGA,170642.00,0438.09070,N,07404.10349,W,1,12,0.60,2602.5,M,4.7,M,,*5A_
2,2,240,0,0,0.000000,-25,255_$GNGGA,170619.00,0438.09044,N,07404.10351,W,1,12,0.62,2603.3,M,4.7,M,,*5F_
2,2,240,0,0,0.000000,-92,255_$GNGGA,170602.00,0438.09040,N,07404.10333,W,1,12,0.62,2603.3,M,4.7,M,,*55_
2,2,240,0,0,0.000000,-95,255_$GNGGA,170531.00,0438.09007,N,07404.10323,W,1,12,0.61,2604.5,M,4.7,M,,*56_
2,2,240,0,0,0.000000,-95,255_$GNGGA,170451.00,0438.09037,N,07404.10340,W,1,12,0.63,2604.0,M,4.7,M,,*50_
2,2,240,0,0,0.000000,-102,5_$GNGGA,170411.00,0438.08955,N,07404.10326,W,1,12,0.62,2606.1,M,4.7,M,,*5A_
2,2,240,0,0,0.000000,-102,5_$GNGGA,170327.00,0438.08859,N,07404.10310,W,1,12,0.61,2608.1,M,4.7,M,,*5D_
2,2,240,0,0,0.000000,-103,5_$GNGGA,170244.00,0438.08878,N,07404.10358,W,1,12,0.65,2608.3,M,4.7,M,,*50_
2,2,240,0,0,0.000000,-102,5_$GNGGA,170201.00,0438.09019,N,07404.10373,W,1,12,0.63,2604.3,M,4.7,M,,*5C_
2,2,240,0,0,0.000000,-102,5_$GNGGA,170117.00,0438.09062,N,07404.10351,W,1,12,0.60,2601.9,M,4.7,M,,*58_
2,2,240,0,0,0.000000,-102,5_$GNGGA,170033.00,0438.09077,N,07404.10378,W,1,12,0.62,2600.2,M,4.7,M,,*58_
2,2,240,0,0,0.000000,-102,5_$GNGGA,165950.00,0438.09020,N,07404.10391,W,1,12,0.64,2602.1,M,4.7,M,,*52_
2,2,240,0,0,0.000000,-102,5_$GNGGA,165907.00,0438.08957,N,07404.10459,W,1,12,0.62,2604.2,M,4.7,M,,*58_
2,2,240,0,0,0.000000,-106,5_$GNGGA,165824.00,0438.08952,N,07404.10376,W,1,12,0.60,2604.1,M,4.7,M,,*56_
2,2,240,0,0,0.000000,-104,5_$GNGGA,165740.00,0438.08968,N,07404.10342,W,1,12,0.62,2604.5,M,4.7,M,,*53_
2,2,240,0,0,0.000000,-102,5_$GNGGA,165657.00,0438.08978,N,07404.10329,W,1,12,0.79,2604.0,M,4.7,M,,*57_
2,2,240,0,0,0.000000,-102,5_$GNGGA,165614.00,0438.08979,N,07404.10347,W,1,12,0.64,2604.6,M,4.7,M,,*53_
2,2,240,0,0,0.000000,-106,5_$GNGGA,165531.00,0438.08942,N,07404.10370,W,1,12,0.67,2607.3,M,4.7,M,,*5E_
2,2,240,0,0,0.000000,-102,5_$GNGGA,165447.00,0438.08898,N,07404.10356,W,1,12,0.67,2610.8,M,4.7,M,,*51_
2,2,240,0,0,0.000000,-102,5_$GNGGA,165403.00,0438.08847,N,07404.10344,W,1,12,0.65,2612.3,M,4.7,M,,*5B_
2,2,240,0,0,0.000000,-102,5_$GNGGA,165320.00,0438.08903,N,07404.10382,W,1,12,0.67,2610.1,M,4.7,M,,*54_
2,2,240,0,0,0.000000,-102,5_$GNGGA,165237.00,0438.08879,N,07404.10366,W,1,12,0.71,2610.5,M,4.7,M,,*56_
2,2,240,0,0,0.000000,-102,5_$GNGGA,165154.00,0438.08913,N,07404.10356,W,1,12,0.71,2609.4,M,4.7,M,,*57_
2,2,240,0,0,0.000000,-102,5_$GNGGA,165110.00,0438.08924,N,07404.10314,W,1,12,0.69,2613.1,M,4.7,M,,*52_
2,2,240,0,0,0.000000,-102,5_$GNGGA,165027.00,0438.08976,N,07404.10280,W,1,12,0.69,2608.1,M,4.7,M,,*56_
2,2,240,0,0,0.000000,-102,5_$GNGGA,164944.00,0438.08977,N,07404.10231,W,1,12,0.69,2608.5,M,4.7,M,,*54_
2,2,240,0,0,0.000000,-88,5_$GNGGA,164901.00,0438.09043,N,07404.10255,W,1,12,0.70,2606.8,M,4.7,M,,*53_
2,2,240,0,0,0.000000,-102,5_$GNGGA,164817.00,0438.09014,N,07404.10232,W,1,12,0.67,2609.9,M,4.7,M,,*5E_
2,2,240,0,0,0.000000,-102,5_$GNGGA,164733.00,0438.09024,N,07404.10235,W,1,12,0.69,2606.5,M,4.7,M,,*5E_
2,2,240,0,0,0.000000,-102,5_$GNGGA,164650.00,0438.09043,N,07404.10170,W,1,12,0.76,2604.6,M,4.7,M,,*56_
2,2,240,0,0,0.000000,-89,255_$GNGGA,164611.00,0438.09092,N,07404.10230,W,1,12,0.70,2602.1,M,4.7,M,,*5F_
2,2,240,0,0,0.000000,-91,255_$GNGGA,164600.00,0438.09126,N,07404.10291,W,1,12,0.71,2599.3,M,4.7,M,,*58_
2,2,240,0,0,0.000000,-91,255_$GNGGA,164548.00,0438.09162,N,07404.10306,W,1,12,0.67,2597.1,M,4.7,M,,*53_
2,2,240,0,0,0.000000,-91,255_$GNGGA,164537.00,0438.09203,N,07404.10332,W,1,12,0.71,2594.9,M,4.7,M,,*54_
2,2,240,0,0,0.000000,-92,255_$GNGGA,164525.00,0438.09241,N,07404.10380,W,1,12,0.67,2593.0,M,4.7,M,,*51_
2,2,240,0,0,0.000000,-23,255_$GNGGA,164501.00,0438.09278,N,07404.10423,W,1,12,0.67,2591.6,M,4.7,M,,*57_
2,2,240,0,0,0.000000,-90,255_$GNGGA,164450.00,0438.09294,N,07404.10426,W,1,12,0.67,2590.5,M,4.7,M,,*57_
2,2,240,0,0,0.000000,-91,255_$GNGGA,164439.00,0438.09304,N,07404.10441,W,1,12,0.71,2590.2,M,4.7,M,,*51_
2,2,240,0,0,0.000000,-24,255_$GNGGA,164427.00,0438.09307,N,07404.10422,W,1,12,0.71,2590.7,M,4.7,M,,*5D_
2,2,240,0,0,0.000000,-16,255_$GNGGA,164410.00,0438.09309,N,07404.10383,W,1,12,0.67,2591.7,M,4.7,M,,*5D_
2,2,240,0,0,0.000000,-91,255_$GNGGA,164359.00,0438.09331,N,07404.10391,W,1,12,0.67,2591.5,M,4.7,M,,*5D_
2,2,240,0,0,0.000000,-92,255_$GNGGA,164347.00,0438.09339,N,07404.10394,W,1,12,0.67,2592.1,M,4.7,M,,*58_
2,2,240,0,0,0.000000,-103,5_$GNGGA,164336.00,0438.09340,N,07404.10407,W,1,12,0.67,2592.4,M,4.7,M,,*58_
2,2,240,0,0,0.000000,-92,255_$GNGGA,164315.00,0438.09318,N,07404.10424,W,1,12,0.67,2594.4,M,4.7,M,,*53_
2,2,240,0,0,0.000000,-102,5_$GNGGA,164304.00,0438.09322,N,07404.10426,W,1,12,0.67,2594.6,M,4.7,M,,*5A_
2,2,240,0,0,0.000000,-91,255_$GNGGA,164243.00,0438.09365,N,07404.10405,W,1,12,0.69,2594.4,M,4.7,M,,*56_
2,2,240,0,0,0.000000,-92,255_$GNGGA,164232.00,0438.09375,N,07404.10386,W,1,12,0.71,2594.7,M,4.7,M,,*57_
2,2,240,0,0,0.000000,-93,255_$GNGGA,164210.00,0438.09399,N,07404.10391,W,1,12,0.70,2595.7,M,4.7,M,,*53_
2,2,240,0,0,0.000000,-95,255_$GNGGA,164130.00,0438.09491,N,07404.10412,W,1,12,0.77,2600.5,M,4.7,M,,*5B_
2,2,240,0,0,0.000000,-94,255_$GNGGA,164050.00,0438.09625,N,07404.10421,W,1,12,0.86,2604.9,M,4.7,M,,*57_
2,2,240,0,0,0.000000,-93,255_$GNGGA,164010.00,0438.09628,N,07404.10331,W,1,12,0.86,2605.2,M,4.7,M,,*52_
2,2,240,0,0,0.000000,-93,255_$GNGGA,163930.00,0438.09630,N,07404.10048,W,1,11,0.92,2602.4,M,4.7,M,,*5D_
2,2,240,0,0,0.000000,-95,255_$GNGGA,163850.00,0438.09700,N,07404.09846,W,1,11,0.97,2601.2,M,4.7,M,,*56_
2,2,240,0,0,0.000000,-93,255_$GNGGA,163810.00,0438.09681,N,07404.09629,W,1,10,1.06,2601.8,M,4.7,M,,*5F_
2,2,240,0,0,0.000000,-94,255_$GNGGA,163730.00,0438.09673,N,07404.09564,W,1,10,1.17,2600.8,M,4.7,M,,*54_
2,2,240,0,0,0.000000,-95,255_$GNGGA,163650.00,0438.09769,N,07404.09568,W,1,10,1.08,2598.6,M,4.7,M,,*57_
2,2,240,0,0,0.000000,-94,255_$GNGGA,163615.00,0438.09918,N,07404.09431,W,1,06,1.61,2599.6,M,4.7,M,,*5A_
2,2,240,0,0,0.000000,-95,255_$GNGGA,012210.00,0438.09395,N,07404.10006,W,1,12,0.58,2597.3,M,4.7,M,,*5E_
2,2,240,0,0,0.000000,-95,255_$GNGGA,012135.00,0438.09384,N,07404.09985,W,1,12,0.54,2598.9,M,4.7,M,,*59_
2,2,240,0,0,0.000000,-94,255_$GNGGA,012100.00,0438.09358,N,07404.09947,W,1,12,0.54,2601.3,M,4.7,M,,*59_
2,2,240,0,0,0.000000,-95,255_$GNGGA,012025.00,0438.09328,N,07404.09949,W,1,12,0.58,2603.0,M,4.7,M,,*5B_
2,2,240,0,0,0.000000,-94,255_$GNGGA,011950.00,0438.09321,N,07404.09958,W,1,12,0.55,2604.5,M,4.7,M,,*55_
2,2,240,0,0,0.000000,-95,255_$GNGGA,011908.00,0438.09307,N,07404.09969,W,1,12,0.59,2606.2,M,4.7,M,,*57_
2,2,240,0,0,0.000000,-94,255_$GNGGA,011833.00,0438.09249,N,07404.10061,W,1,12,0.57,2608.9,M,4.7,M,,*57_
2,2,240,0,0,0.000000,-92,255_$GNGGA,011759.00,0438.09238,N,07404.10179,W,1,12,0.57,2609.7,M,4.7,M,,*55_
2,2,240,0,0,0.000000,-96,255_$GNGGA,011744.00,0438.09221,N,07404.10234,W,1,12,0.57,2610.5,M,4.7,M,,*51_
2,2,240,0,0,0.000000,-95,255_$GNGGA,011721.00,0438.09197,N,07404.10342,W,1,12,0.57,2611.7,M,4.7,M,,*5F_
2,2,240,0,0,0.000000,-91,255_$GNGGA,011658.00,0438.09206,N,07404.10391,W,1,12,0.59,2612.2,M,4.7,M,,*5D_
2,2,240,0,0,0.000000,-95,255_$GNGGA,011642.00,0438.09211,N,07404.10389,W,1,12,0.59,2611.7,M,4.7,M,,*5F_
2,2,240,0,0,0.000000,-92,255_$GNGGA,011616.00,0438.09221,N,07404.10349,W,1,12,0.61,2609.9,M,4.7,M,,*5D_
2,2,240,0,0,0.000000,-92,255_$GNGGA,011547.00,0438.09258,N,07404.10320,W,1,12,0.57,2608.0,M,4.7,M,,*56_
2,2,240,0,0,0.000000,-67,255_$GNGGA,011525.00,0438.09265,N,07404.10339,W,1,12,0.57,2609.7,M,4.7,M,,*52_
2,2,240,0,0,0.000000,-94,255_$GNGGA,011500.00,0438.09281,N,07404.10312,W,1,12,0.58,2609.1,M,4.7,M,,*5F_
2,2,240,0,0,0.000000,-92,255_$GNGGA,011433.00,0438.09273,N,07404.10259,W,1,12,0.58,2609.4,M,4.7,M,,*58_
2,2,240,0,0,0.000000,-104,5_$GNGGA,011409.00,0438.09298,N,07404.10229,W,1,12,0.58,2607.8,M,4.7,M,,*51_
2,2,240,0,0,0.000000,-91,255_$GNGGA,011338.00,0438.09317,N,07404.10163,W,1,12,0.60,2604.0,M,4.7,M,,*5F_
2,2,240,0,0,0.000000,-18,255_$GNGGA,011314.00,0438.09323,N,07404.10128,W,1,12,0.60,2604.0,M,4.7,M,,*59_
2,2,240,0,0,0.000000,-91,255_$GNGGA,011244.00,0438.09358,N,07404.10118,W,1,12,0.58,2605.0,M,4.7,M,,*58_
2,2,240,0,0,0.000000,-90,255_$GNGGA,011216.00,0438.09389,N,07404.10102,W,1,12,0.61,2604.3,M,4.7,M,,*50_
2,2,240,0,0,0.000000,-91,255_$GNGGA,011200.00,0438.09397,N,07404.10096,W,1,12,0.59,2604.2,M,4.7,M,,*5E_
2,2,240,0,0,0.000000,-94,255_$GNGGA,011142.00,0438.09386,N,07404.10099,W,1,12,0.61,2605.3,M,4.7,M,,*5F_
2,2,240,0,0,0.000000,-88,255_$GNGGA,011120.00,0438.09369,N,07404.10058,W,1,12,0.62,2607.1,M,4.7,M,,*54_
2,2,240,0,0,0.000000,-95,255_$GNGGA,011045.00,0438.09368,N,07404.09981,W,1,12,0.60,2608.4,M,4.7,M,,*5A_
2,2,240,0,0,0.000000,-91,255_$GNGGA,011010.00,0438.09377,N,07404.09989,W,1,12,0.59,2608.4,M,4.7,M,,*56_
2,2,240,0,0,0.000000,-94,255_$GNGGA,010941.00,0438.09391,N,07404.09975,W,1,12,0.60,2607.4,M,4.7,M,,*54_
2,2,240,0,0,0.000000,-95,255_$GNGGA,010906.00,0438.09371,N,07404.09988,W,1,12,0.59,2608.0,M,4.7,M,,*5A_
2,2,240,0,0,0.000000,-95,255_$GNGGA,010831.00,0438.09374,N,07404.10018,W,1,12,0.60,2608.7,M,4.7,M,,*5F_
2,2,240,0,0,0.000000,-94,255_$GNGGA,010808.00,0438.09368,N,07404.10045,W,1,12,0.60,2608.9,M,4.7,M,,*5E_
2,2,240,0,0,0.000000,-94,255_$GNGGA,010747.00,0438.09366,N,07404.10042,W,1,12,0.66,2609.5,M,4.7,M,,*58_
2,2,240,0,0,0.000000,-91,255_$GNGGA,010724.00,0438.09373,N,07404.10052,W,1,12,0.66,2611.0,M,4.7,M,,*54_
2,2,240,0,0,0.000000,-94,6_$GNGGA,010659.00,0438.09389,N,07404.10054,W,1,12,0.72,2610.2,M,4.7,M,,*5A_
2,2,240,0,0,0.000000,-93,255_$GNGGA,010629.00,0438.09416,N,07404.10003,W,1,12,0.67,2607.1,M,4.7,M,,*5F_
2,2,240,0,0,0.000000,-93,255_$GNGGA,010552.00,0438.09411,N,07404.10072,W,1,12,0.64,2605.2,M,4.7,M,,*53_
2,2,240,0,0,0.000000,-93,255_$GNGGA,010405.00,0438.09384,N,07404.10104,W,1,12,0.68,2602.1,M,4.7,M,,*53_
2,2,240,0,0,0.000000,-93,255_$GNGGA,010329.00,0438.09383,N,07404.10141,W,1,12,0.63,2602.6,M,4.7,M,,*50_
2,2,240,0,0,0.000000,-91,6_$GNGGA,010254.00,0438.09411,N,07404.10176,W,1,12,0.64,2602.6,M,4.7,M,,*54_
2,2,240,0,0,0.000000,-91,255_$GNGGA,010217.00,0438.09439,N,07404.10184,W,1,12,0.65,2603.4,M,4.7,M,,*56_
2,2,240,0,0,0.000000,-94,6_$GNGGA,010124.00,0438.09443,N,07404.10213,W,1,12,0.64,2602.4,M,4.7,M,,*55_
2,2,240,0,0,0.000000,-91,6_$GNGGA,010051.00,0438.09449,N,07404.10286,W,1,12,0.67,2601.9,M,4.7,M,,*5D_
2,2,240,0,0,0.000000,-92,6_$GNGGA,010027.00,0438.09435,N,07404.10181,W,1,12,0.67,2601.6,M,4.7,M,,*5C_
2,2,240,0,0,0.000000,-92,255_$GNGGA,005958.00,0438.09410,N,07404.10143,W,1,12,0.68,2601.6,M,4.7,M,,*5F_
2,2,240,0,0,0.000000,-94,255_$GNGGA,005926.00,0438.09377,N,07404.10184,W,1,12,0.66,2601.6,M,4.7,M,,*55_
2,2,240,0,0,0.000000,-94,6_$GNGGA,005853.00,0438.09383,N,07404.10246,W,1,12,0.66,2601.6,M,4.7,M,,*50_
2,2,240,0,0,0.000000,-92,6_$GNGGA,005820.00,0438.09375,N,07404.10238,W,1,12,0.68,2602.9,M,4.7,M,,*56_
2,2,240,0,0,0.000000,-92,6_$GNGGA,005746.00,0438.09395,N,07404.10290,W,1,12,0.74,2602.2,M,4.7,M,,*53_
2,2,240,0,0,0.000000,-94,255_$GNGGA,005717.00,0438.09378,N,07404.10361,W,1,12,0.68,2600.9,M,4.7,M,,*5F_
2,2,240,0,0,0.000000,-95,255_$GNGGA,005649.00,0438.09348,N,07404.10366,W,1,12,0.74,2600.2,M,4.7,M,,*57_
2,2,240,0,0,0.000000,-91,6_$GNGGA,005616.00,0438.09348,N,07404.10339,W,1,12,0.73,2599.5,M,4.7,M,,*54_
2,2,240,0,0,0.000000,-92,6_$GNGGA,005543.00,0438.09282,N,07404.10342,W,1,12,0.70,2599.8,M,4.7,M,,*52_
2,2,240,0,0,0.000000,-91,6_$GNGGA,005510.00,0438.09245,N,07404.10262,W,1,12,0.69,2597.2,M,4.7,M,,*50_
2,2,240,0,0,0.000000,-91,6_$GNGGA,005432.00,0438.09228,N,07404.10295,W,1,12,0.73,2597.9,M,4.7,M,,*52_
2,2,240,210,210,2.365011,-92,255_$GNGGA,005413.00,0438.09222,N,07404.10287,W,1,12,0.69,2598.2,M,4.7,M,,*57_
2,2,240,210,210,2.365011,-19,255_$GNGGA,005359.00,0438.09199,N,07404.10259,W,1,12,0.91,2598.4,M,4.7,M,,*5F_
2,2,240,210,210,2.365011,-94,255_$GNGGA,005347.00,0438.09176,N,07404.10275,W,1,12,0.91,2598.8,M,4.7,M,,*53_
2,2,240,0,0,0.000000,-98,255_$GNGGA,005344.00,0438.09169,N,07404.10286,W,1,12,0.91,2598.9,M,4.7,M,,*53_
2,2,240,210,210,2.365011,-104,6_$GNGGA,005333.00,0438.09135,N,07404.10334,W,1,12,0.69,2599.6,M,4.7,M,,*5B_
2,2,240,210,210,2.365011,-94,255_$GNGGA,005324.00,0438.09112,N,07404.10358,W,1,12,0.73,2600.0,M,4.7,M,,*5C_
2,2,240,210,210,2.365011,-94,255_$GNGGA,005316.00,0438.09111,N,07404.10368,W,1,12,0.73,2600.2,M,4.7,M,,*5F_
2,2,240,210,210,2.365011,-94,6_$GNGGA,005306.00,0438.09126,N,07404.10362,W,1,12,0.73,2600.4,M,4.7,M,,*56_
2,2,240,210,210,2.365011,-92,6_$GNGGA,005252.00,0438.09137,N,07404.10358,W,1,12,0.73,2600.4,M,4.7,M,,*5F_
2,2,240,210,210,2.365011,-102,255_$GNGGA,005246.00,0438.09140,N,07404.10370,W,1,12,0.73,2600.3,M,4.7,M,,*57_
2,2,240,0,0,0.000000,-95,255_$GNGGA,005240.00,0438.09141,N,07404.10389,W,1,12,0.73,2600.1,M,4.7,M,,*54_
2,2,240,210,210,2.365011,-91,255_$GNGGA,005232.00,0438.09144,N,07404.10425,W,1,12,0.73,2599.9,M,4.7,M,,*5E_
2,2,240,210,210,2.365011,-102,255_$GNGGA,005213.00,0438.09147,N,07404.10487,W,1,12,0.72,2599.8,M,4.7,M,,*56_
2,2,240,0,0,0.000000,-92,255_$GNGGA,005208.00,0438.09155,N,07404.10489,W,1,12,0.90,2599.9,M,4.7,M,,*5C_
2,2,240,210,210,2.365011,-102,255_$GNGGA,005151.00,0438.09174,N,07404.10461,W,1,12,0.72,2600.2,M,4.7,M,,*52_
2,0,0,0,0,0,0,0_$ 
